Geochronid	Grp no	Spot no	Grain spot	238U(ppm)	232Th(ppm)	232Th_238U	f(%)	238U_206Pb	238U_206Pb_er	207Pb_206Pb	207Pb_206Pb_er	238U_206Pb*	238U_206Pb*_er	207Pb*_206*Pb	207Pb*_206*Pb_er	238U_206Pb_age	238U_206Pb_age_er	207Pb_206Pb_age	207Pb_206Pb_age_er	Disc(%)	Calibration Uncertainty included	calibration const	1 sigma external error	1 sigma internal error	ComPb_cor_meth
GSWA_226183.1	Y	67	226183 - 67	80.4	76.5	0.951492537		13.1406	0.12087285	0.0559	0.00225					472.8020517	4.19337725	448.3988031	89.42773675	-5.442309045	FALSE				
GSWA_226183.1	S	47	226183 - 47	124.8	57.8	0.463141026		12.46883	0.093283	0.0595	0.00165					497.3163375	3.580676903	585.4399303	60.18709133	15.05254224	FALSE				
GSWA_226183.1	S	13	226183 - 13	283	159.8	0.564664311		12.11534	0.0807298	0.0574	0.00125					511.2658774	3.275193187	506.9346422	47.89827853	-0.854397172	FALSE				
GSWA_226183.1	S	33	226183 - 33	119.4	75.6	0.633165829		12.01923	0.10112335	0.0579	0.00165					515.195024	4.16588914	525.9799537	62.4761567	2.050445021	FALSE				
GSWA_226183.1	S	11	226183 - 11	253.2	199.2	0.786729858		11.71921	0.0686699	0.0574	0.00125					527.8586516	2.969792773	506.9346422	47.89827853	-4.12755564	FALSE				
GSWA_226183.1	S	19	226183 - 19	350.4	226.1	0.645262557		11.61575	0.06746285	0.0581	0.0012					532.3712976	2.96771751	533.5349081	45.22256949	0.218094538	FALSE				
GSWA_226183.1	S	63	226183 - 63	127.8	100.1	0.783255086		11.26126	0.095112	0.0667	0.00205					548.4363029	4.440495479	828.4201031	64.1066728	33.79732085	FALSE				
GSWA_226183.1	S	64	226183 - 64	1481	515	0.347738015		11.13586	0.06200365	0.05611	0.00075					554.3540653	2.957611604	456.7237455	29.65488253	-21.37623032	FALSE				
GSWA_226183.1	S	18	226183 - 18	113.1	131.7	1.164456233		11.03753	0.09137025	0.0583	0.0018					559.0845151	4.433163401	541.0542501	67.51477657	-3.332432008	FALSE				
GSWA_226183.1	S	42	226183 - 42	110.9	0.762	0.006871055		11.01322	0.0909682	0.0587	0.0017					560.2664992	4.432350148	555.987362	63.16925981	-0.769646486	FALSE				
GSWA_226183.1	S	39	226183 - 39	202.4	151.9	0.750494071		10.82954	0.06450345	0.0591	0.0012					569.3615313	3.245811408	570.7817799	44.17765469	0.24882515	FALSE				
GSWA_226183.1	S	23	226183 - 23	13.47	48.6	3.608017817		10.78749	0.20946575	0.057	0.0055					571.485384	10.61914334	491.533231	212.7925999	-16.26586932	FALSE				
GSWA_226183.1	S	49	226183 - 49	41.88	74.5	1.778892073		10.4712	0.13157535	0.058	0.00255					587.9833355	7.061345039	529.7619025	96.32549773	-10.99011325	FALSE				
GSWA_226183.1	S	54	226183 - 54	303.8	124.5	0.409809085		10.42753	0.06524	0.0607	0.0011					590.3363892	3.529379345	628.6201313	39.04824784	6.090123462	FALSE				
GSWA_226183.1	S	60	226183 - 60	568	410.4	0.722535211		10.19472	0.0623594	0.0587	0.00095					603.2057977	3.522342602	555.987362	35.30046872	-8.492717442	FALSE				
GSWA_226183.1	S	43	226183 - 43	1097	203.8	0.185779398		10.02808	0.0502812	0.0595	0.0008					612.7677001	2.930934693	585.4399303	29.18162004	-4.667903291	FALSE
GSWA_226183.1	S	38	226183 - 38	695	222.3	0.319856115		10.01703	0.048163615	0.0602	0.00095					613.4124924	2.813414848	610.7708798	34.10502891	-0.432504674	FALSE
GSWA_226183.1	S	14	226183 - 14	238.2	69.04	0.28984047		9.541985	0.05918215	0.0619	0.0012					642.4774888	3.792694138	670.6555981	41.48223349	4.201576688	FALSE
GSWA_226183.1	S	44	226183 - 44	365	140.9	0.386027397		9.422406	0.05326905	0.0613	0.0011					650.2333073	3.496740122	649.7773358	38.53035993	-0.070173507	FALSE
GSWA_226183.1	S	40	226183 - 40	1287	449	0.348873349		8.781173	0.0462654	0.06392	0.0008					695.2420157	3.472410438	738.9843692	26.48306832	5.919252864	FALSE
GSWA_226183.1	S	52	226183 - 52	562	217.3	0.386654804		7.352941	0.04054931	0.0766	0.00115					822.0036949	4.255995685	1110.795084	29.98547398	25.99861966	FALSE
GSWA_226183.1	S	32	226183 - 32	1287	97.2	0.075524476		7.062147	0.039899135	0.07038	0.00085					853.7036925	4.517459005	939.4600668	24.75607995	9.128261787	FALSE
GSWA_226183.1	S	28	226183 - 28	73.7	95.4	1.294436906		6.6313	0.04837155	0.075	0.00175					905.4462366	6.161848367	1068.501534	46.89815467	15.26018372	FALSE
GSWA_226183.1	S	9	226183 - 9	364	170.1	0.467307692		6.464124	0.035517165	0.0721	0.0011					927.2559051	4.745346983	988.7646224	31.03679064	6.220764363	FALSE
GSWA_226183.1	S	6	226183 - 6	195.1	85.5	0.438236802		6.341154	0.042220745	0.0685	0.0013					943.9824668	5.846708782	883.7200968	39.24063118	-6.819169359	FALSE
GSWA_226183.1	S	36	226183 - 36	482	118.1	0.245020747		6.108735	0.06157245	0.0714	0.0011					977.3060142	9.140312196	968.8872213	31.43667116	-0.868913609	FALSE
GSWA_226183.1	S	50	226183 - 50	175.4	54.25	0.309293044		6.090134	0.04265319	0.073	0.0013					980.0751359	6.36778558	1013.952731	36.08885985	3.341141426	FALSE
GSWA_226183.1	S	51	226183 - 51	38.9	26.51	0.681491003		5.973716	0.04995939	0.0712	0.0023					997.7698334	7.730836773	963.1609239	65.97390238	-3.593263456	FALSE
GSWA_226183.1	S	62	226183 - 62	623.7	138.3	0.221741222		5.803831	0.030316005	0.0733	0.001					1024.771115	4.949050667	1022.258625	27.61222354	-0.245778234	FALSE
GSWA_226183.1	S	55	226183 - 55	338.7	393.2	1.160909359		5.627462	0.03483516	0.0742	0.00105					1054.39732	6.021104958	1046.912275	28.53467296	-0.714963912	FALSE
GSWA_226183.1	S	53	226183 - 53	274.1	114.7	0.418460416		5.396654	0.032036265	0.0743	0.0011					1095.86404	5.982499186	1049.627478	29.84102996	-4.405044957	FALSE
GSWA_226183.1	S	41	226183 - 41	544.2	368.8	0.677692025		5.592841	0.03127987	0.0743	0.001					1060.415641	5.468624076	1049.627478	27.12820906	-1.027808738	FALSE
GSWA_226183.1	S	10	226183 - 10	143.3	116.9	0.81577111		5.518764	0.03807094	0.0745	0.00135					1073.526931	6.821890189	1055.043623	36.49501881	-1.751899916	FALSE
GSWA_226183.1	S	37	226183 - 37	331	117.5	0.354984894		5.36193	0.02731278	0.0749	0.00115					1102.387143	5.161478062	1065.819312	30.87234149	-3.430959687	FALSE
GSWA_226183.1	S	29	226183 - 29	370.4	222	0.599352052		5.373455	0.03031772	0.0761	0.00115					1100.213492	5.706715253	1097.702476	30.24121304	-0.228751895	FALSE
GSWA_226183.1	S	27	226183 - 27	207.7	186.6	0.89841117		5.040323	0.027945335	0.078	0.0013					1166.719226	5.917101167	1146.873224	33.11150555	-1.73044435	FALSE
GSWA_226183.1	S	68	226183 - 68	186.8	352.9	1.889186296		5.336179	0.06122085	0.078	0.00135					1107.275111	11.67238848	1146.873224	34.385025	3.45270181	FALSE
GSWA_226183.1	S	34	226183 - 34	131.2	107.5	0.819359756		4.995005	0.032435095	0.0783	0.00145					1176.394581	6.982451099	1154.495419	36.74944331	-1.896860071	FALSE
GSWA_226183.1	S	8	226183 - 8	43.29	31.95	0.738045738		5.213764	0.04757084	0.0784	0.00235					1131.118645	9.465703617	1157.027776	59.46140728	2.239283431	FALSE
GSWA_226183.1	S	7	226183 - 7	272.4	161.2	0.591776799		5.359057	0.027283515	0.0785	0.00115					1102.930341	5.161042461	1159.555968	29.05031171	4.883388882	FALSE
GSWA_226183.1	S	16	226183 - 16	756	329.3	0.435582011		5.02008	0.022681085	0.0789	0.001					1171.021295	4.838036393	1169.627347	25.09609776	-0.119178853	FALSE
GSWA_226183.1	S	48	226183 - 48	228.1	193.1	0.846558527		4.899559	0.028806815	0.079	0.0012					1197.307986	6.424464128	1172.134909	30.06619109	-2.147626259	FALSE
GSWA_226183.1	S	31	226183 - 31	84.3	95.4	1.131672598		5.08647	0.037514655	0.0799	0.00185					1157.029503	7.811549502	1194.520546	45.68092053	3.138584997	FALSE
GSWA_226183.1	S	35	226183 - 35	340.6	338.2	0.992953611		4.697041	0.02537152	0.0816	0.00115					1244.249355	6.112107667	1235.933087	27.63902	-0.672873687	FALSE
GSWA_226183.1	S	2	226183 - 2	441.8	343.3	0.777048438		4.468275	0.02096376	0.083	0.0011					1301.92285	5.530917029	1269.215828	25.86808538	-2.576947212	FALSE
GSWA_226183.1	S	5	226183 - 5	603	597.8	0.991376451		4.456328	0.02283769	0.0834	0.00105					1305.08253	6.05470183	1278.593558	24.54111474	-2.071727342	FALSE
GSWA_226183.1	S	1	226183 - 1	737	154.2	0.209226594		4.623209	0.02244276	0.08529	0.00105					1262.294567	5.565019858	1322.140158	23.85030111	4.526418058	FALSE
GSWA_226183.1	S	20	226183 - 20	850	86.2	0.101411765		3.816794	0.018209895	0.09247	0.0011					1500.066129	6.385116903	1477.056334	22.56056081	-1.557814313	FALSE
GSWA_226183.1	S	58	226183 - 58	102.9	74.1	0.720116618		3.849115	0.02666823	0.0932	0.0016					1488.818452	9.210623434	1491.954632	32.49326508	0.210206174	FALSE
GSWA_226183.1	S	3	226183 - 3	44.1	44.66	1.012698413		3.982477	0.032513255	0.0943	0.00215					1444.146136	10.56282481	1514.130038	43.02585	4.622053567	FALSE
GSWA_226183.1	S	56	226183 - 56	85.4	139.2	1.629976581		3.166561	0.02005422	0.1078	0.0017					1769.185201	9.798472485	1762.561285	28.82363081	-0.375811953	FALSE
GSWA_226183.1	S	15	226183 - 15	112.6	49.25	0.437388988		3.122073	0.017057845	0.1096	0.0017					1791.19412	8.544440643	1792.771829	28.2445062	0.088003864	FALSE
GSWA_226183.1	S	30	226183 - 30	301.9	53.8	0.178204704		3.025719	0.015105705	0.1114	0.0014					1840.804379	7.99442357	1822.380955	22.80139679	-1.010953511	FALSE
GSWA_226183.1	S	24	226183 - 24	579	288.5	0.498272884		3.07031	0.014140205	0.1116	0.00135					1817.506075	7.293973771	1825.63473	21.93894299	0.44525089	FALSE
GSWA_226183.1	S	12	226183 - 12	779	131.4	0.168677792		2.598077	0.01215001	0.1329	0.0015					2099.132829	8.378617596	2136.634023	19.74061223	1.755152923	FALSE
GSWA_226183.1	S	59	226183 - 59	143.7	81.8	0.569241475		2.230152	0.013179975	0.1591	0.00205					2388.135055	11.79438686	2446.118279	21.80691504	2.370417842	FALSE
GSWA_226183.1	S	61	226183 - 61	359	220	0.61281337		1.940241	0.009223105	0.185	0.0022					2679.641313	10.42213637	2698.212717	19.63787847	0.688285414	FALSE
GSWA_226183.1	D	66	226183 - 66	54.9	50	0.910746812		5.698006	0.05194765	0.0767	0.002					1042.343794	8.774364604	1113.400313	52.06056013	6.381938098	FALSE
GSWA_226183.1	D	17	226183 - 17	225.7	145.2	0.643331856		4.770992	0.023900485	0.0773	0.00115					1226.686477	5.595846062	1128.939836	29.63431683	-8.658268386	FALSE
GSWA_226183.1	D	21	226183 - 21	233.5	136.1	0.582869379		5.144033	0.030430235	0.0804	0.00125					1145.166574	6.2067782	1206.817308	30.61895871	5.108539144	FALSE
GSWA_226183.1	D	4	226183 - 4	232.6	141.7	0.609200344		4.928536	0.02429047	0.0827	0.0013					1190.880359	5.359061353	1262.144557	30.71318216	5.646278617	FALSE
GSWA_226183.1	D	26	226183 - 26	1410	409	0.290070922		4.411116	0.029186915	0.08967	0.00105					1317.180581	7.882628805	1418.510844	22.38456044	7.143425333	FALSE
GSWA_226183.1	D	22	226183 - 22	237.1	178.7	0.753690426		3.656307	0.0207213	0.102	0.0014					1558.543259	7.846047689	1660.831135	25.41060843	6.158836585	FALSE
GSWA_226183.1	D	46	226183 - 46	928	291	0.313577586		3.33667	0.02004006	0.113	0.0013					1689.820911	8.927864509	1848.213643	20.8074367	8.570044494	FALSE
GSWA_226183.1	D	65	226183 - 65	356	178.9	0.50252809		3.531073	0.018079295	0.1165	0.00145					1607.458411	7.284369067	1903.200927	22.36269405	15.53921668	FALSE
GSWA_226183.1	D	57	226183 - 57	307	156.6	0.51009772		3.109453	0.019820825	0.1169	0.0015					1797.538135	9.999353411	1909.35712	23.03775429	5.856368312	FALSE
GSWA_226183.1	D	45	226183 - 45	277.6	135	0.486311239		2.747253	0.03773699	0.155	0.0019					2001.105785	23.63054783	2401.83299	20.83983935	16.68422437	FALSE
GSWA_226183.1	D	25	226183 - 25	496	212.5	0.428427419		1.91095	0.00912932	0.1699	0.00195					2713.160276	10.57968083	2556.657918	19.21191781	-6.121364794	FALSE
