Geochronid	Grp no	Spot no	Grain spot	238U(ppm)	232Th(ppm)	232Th_238U	f(%)	238U_206Pb	238U_206Pb_er	207Pb_206Pb	207Pb_206Pb_er	238U_206Pb*	238U_206Pb*_er	207Pb*_206*Pb	207Pb*_206*Pb_er	238U_206Pb_age	238U_206Pb_age_er	207Pb_206Pb_age	207Pb_206Pb_age_er	Disc(%)	Calibration Uncertainty included	calibration const	1 sigma external error	1 sigma internal error	ComPb_cor_meth
GSWA_226186.1	Y	4	226186 - 4	307	97.4	0.317263844		11.66861	0.0816939	0.0617	0.0011					530.0560836	3.562539953	663.7267389	38.19230199	20.13941092	FALSE				
GSWA_226186.1	S	12	226186 - 12	651	267	0.410138249		10.08369	0.0559245	0.0606	0.0009					609.5432154	3.225644182	625.0663114	32.02024209	2.483431883	FALSE				
GSWA_226186.1	S	2	226186 - 2	711	123	0.172995781		7.558579	0.13140385	0.062	0.00305					800.9731645	13.09436598	674.1086782	105.2040368	-18.81958953	FALSE				
GSWA_226186.1	S	23	226186 - 23	123.6	86	0.69579288		7.27802	0.0529696	0.0716	0.00165					829.94335	5.667678187	974.59249	46.98212872	14.84201258	FALSE				
GSWA_226186.1	S	19	226186 - 19	388	227	0.585051546		7.220217	0.039098645	0.071	0.00105					836.1746971	4.246649128	957.4134494	30.2300936	12.66315533	FALSE				
GSWA_226186.1	S	18	226186 - 18	210	88.8	0.422857143		6.858711	0.049394005	0.0682	0.0012					877.3767921	5.907430556	874.638209	36.43337145	-0.313110387	FALSE				
GSWA_226186.1	S	17	226186 - 17	274	106.3	0.387956204		6.523157	0.04680674	0.079	0.0012					919.4353102	6.148492441	1172.134909	30.06619109	21.55891755	FALSE				
GSWA_226186.1	S	8	226186 - 8	605.8	105.4	0.173984813		6.045949	0.0292428	0.0721	0.00095					986.7163948	4.425202863	988.7646224	26.80450101	0.207150162	FALSE				
GSWA_226186.1	S	1	226186 - 1	364.1	51.5	0.141444658		5.9988	0.034186325	0.0775	0.0011					993.9033461	5.249073531	1134.085022	28.25127872	12.36077307	FALSE				
GSWA_226186.1	S	24	226186 - 24	932	95.1	0.102038627		5.717553	0.03105589	0.07542	0.0009					1039.052601	5.212437788	1079.716275	23.94452904	3.766144415	FALSE				
GSWA_226186.1	S	20	226186 - 20	199.6	55.71	0.279108216		5.254861	0.031755595	0.0763	0.0012					1122.999958	6.22815718	1102.952869	31.44878436	-1.817583413	FALSE				
GSWA_226186.1	S	11	226186 - 11	282	129.5	0.459219858		5.216484	0.029932875	0.0766	0.0011					1130.577675	5.950369538	1110.795084	28.68175772	-1.780939765	FALSE				
GSWA_226186.1	S	13	226186 - 13	446.3	691	1.548285906		4.819277	0.02322543	0.0794	0.00105					1215.484999	5.33864508	1182.124408	26.13731009	-2.822087939	FALSE				
GSWA_226186.1	S	9	226186 - 9	271.1	129.5	0.477683512		4.251701	0.0225962	0.0902	0.0012					1361.694672	6.523653839	1429.767799	25.39299015	4.76113168	FALSE				
GSWA_226186.1	S	15	226186 - 15	369.9	70.7	0.191132739		3.729952	0.018781925	0.0935	0.00115					1531.150295	6.86275241	1498.034859	23.26065641	-2.210591823	FALSE				
GSWA_226186.1	S	10	226186 - 10	368.1	66.5	0.18065743		3.799392	0.02020953	0.0969	0.0012					1506.193001	7.144537035	1565.283096	23.21250941	3.775042028	FALSE
GSWA_226186.1	S	16	226186 - 16	133.2	74.4	0.558558559		3.469813	0.02046732	0.0973	0.0014					1632.527776	8.507143548	1573.000763	26.94263928	-3.784296507	FALSE
GSWA_226186.1	S	7	226186 - 7	1184	216	0.182432432		2.946376	0.013021695	0.1191	0.00135					1883.782426	7.219366582	1942.765492	20.27057631	3.036036326	FALSE
GSWA_226186.1	D	3	226186 - 3	1043	1123	1.076701822		6.060606	0.11937555	0.08903	0.00105					984.5033904	17.98355561	1404.80515	22.5878335	29.91886525	FALSE
GSWA_226186.1	D	22	226186 - 22	726	126	0.173553719		5.941771	0.05119175	0.0761	0.001					1002.737742	8.000773747	1097.702476	26.29670699	8.651227149	FALSE
GSWA_226186.1	D	14	226186 - 14	221.9	120.1	0.54123479		4.987531	0.028606785	0.0766	0.0012					1178.005753	6.175240475	1110.795084	31.28919024	-6.05068118	FALSE
GSWA_226186.1	D	5	226186 - 5	153.6	133.3	0.867838542		5.313496	0.043761525	0.079	0.0013					1111.616859	8.409310449	1172.134909	32.57170701	5.163061768	FALSE
GSWA_226186.1	D	21	226186 - 21	582	553	0.950171821		3.544842	0.018220565	0.1089	0.0013					1601.929891	7.290618495	1781.096039	21.76890832	10.05931987	FALSE
GSWA_226186.1	D	6	226186 - 6	509	203	0.398821218		3.209243	0.019568555	0.1157	0.00135					1748.575264	9.338354615	1890.811169	20.9954649	7.522480721	FALSE
