Geochronid	Grpno	Spotno	Grainspot	238U(ppm)	232Th(ppm)	232Th_238U	f(%)	238U_206Pb	238U_206Pb_er	207Pb_206Pb	207Pb_206Pb_er	238U_206Pb*	238U_206Pb*_er	207Pb*_206*Pb	207Pb*_206*Pb_er	238U_206Pb*_age	238U_206Pb*_age_er	207Pb*_206Pb*_age	207Pb*_206Pb*_age_er	Disc(%)	CalibrationUncertaintyincluded	calibrationconst	1sigmaexternalerror	1sigmainternalerror	ComPb_cor_meth
117916.1	Y	12	12.1	86	28	0.34	0.29	1.94	0.017	0.18451	0.00136	1.946	0.017	0.18192	0.00153	2673	19	2670	14	-0.1					
117916.1	Y	3	3.1	118	45	0.39	0.294	2.002	0.015	0.1854	0.00143	2.008	0.015	0.18278	0.00158	2605	17	2678	14	2.7					
117916.1	Y	2	2.1	105	68	0.67	0.154	1.936	0.016	0.18519	0.00125	1.939	0.016	0.18382	0.00133	2681	18	2688	12	0.2					
117916.1	Y	15	15.1	53	31	0.59	0.304	1.897	0.021	0.18707	0.0017	1.903	0.021	0.18435	0.00198	2723	24	2692	18	-1.1					
117916.1	Y	5	5.1	36	15	0.44	0.339	1.939	0.026	0.18765	0.00211	1.945	0.026	0.18463	0.00259	2674	29	2695	23	0.8					
117916.1	Y	11	11.1	97	35	0.37	0.112	1.913	0.016	0.18563	0.00128	1.915	0.016	0.18463	0.00136	2709	18	2695	12	-0.5					
117916.1	Y	17	17.1	110	49	0.46	0.152	1.904	0.014	0.18615	0.00115	1.907	0.015	0.18479	0.00123	2718	17	2696	11	-0.8					
117916.1	Y	7	7.1	70	34	0.5	0.565	1.937	0.028	0.18983	0.00155	1.948	0.028	0.18479	0.0019	2670	31	2696	17	1					
117916.1	Y	6	6.1	81	47	0.6	0.286	1.866	0.017	0.18745	0.0014	1.872	0.017	0.1849	0.00159	2759	20	2697	14	-2.3					
117916.1	Y	16	16.1	81	37	0.48	0.12	1.894	0.048	0.18601	0.00134	1.896	0.048	0.18493	0.00146	2731	57	2698	13	-1.2					
117916.1	Y	13	13.1	50	21	0.44	0.342	2.004	0.022	0.1884	0.00183	2.011	0.022	0.18535	0.00207	2602	24	2701	18	3.7					
117916.1	Y	22	22.1	173	40	0.24	0.079	1.934	0.012	0.18614	0.00095	1.935	0.012	0.18544	0.001	2685	13	2702	9	0.6					
117916.1	Y	20	20.1	83	34	0.42	0.131	1.862	0.016	0.18662	0.00135	1.865	0.016	0.18544	0.00144	2768	19	2702	13	-2.4					
117916.1	Y	1	1.1	59	26	0.45	0.095	1.955	0.021	0.18635	0.00182	1.957	0.021	0.18551	0.00186	2661	23	2703	17	1.6					
117916.1	Y	14	14.1	137	58	0.44	0.126	1.99	0.015	0.1869	0.00107	1.993	0.015	0.18578	0.00109	2622	16	2705	10	3.1					
117916.1	Y	4	4.1	286	112	0.41	0.055	1.91	0.017	0.18682	0.00075	1.911	0.017	0.18632	0.00078	2713	20	2710	7	-0.1					
117916.1	Y	10	10.1	139	130	0.97	0.198	2.029	0.038	0.18843	0.00125	2.033	0.038	0.18666	0.00137	2578	39	2713	12	5					
117916.1	Y	21	21.1	100	44	0.45	0.328	1.874	0.015	0.18988	0.00126	1.88	0.015	0.18695	0.00144	2750	18	2716	13	-1.3					
117916.1	Y	9	9.1	185	87	0.49	0.125	1.884	0.011	0.1883	0.00147	1.887	0.011	0.18719	0.00151	2742	13	2718	13	-0.9					
117916.1	Y	8	8.1	151	46	0.31	0.14	1.953	0.013	0.18881	0.00115	1.956	0.013	0.18756	0.00121	2662	14	2721	11	2.2					
117916.1	Y	18	18.1	36	11	0.33	0.323	1.962	0.03	0.19157	0.00211	1.968	0.03	0.18869	0.00263	2649	33	2731	23	3					
117916.1	P	23	23.1	982	591	0.62	0.034	2.155	0.01	0.1724	0.00113	2.156	0.01	0.1721	0.00113	2456	9	2578	11	4.7					
117916.1	D	19	19.1	323	146	0.47	0.141	4.957	0.034	0.08097	0.00065	4.964	0.035	0.07978	0.00073	1183	8	1192	18	0.7					
																									
																									
																									
																									
																									
																									
																									
																									
																									
																									
																									
																									
																									
																									
																									
																									
																									
																									
																									
																									
																									
																									
																									
																									
																									
																									
																									
																									
																									
																									
																									
																									
																									
																									
																									
																									
																									
																									
																									
																									
																									
																									
																									
																									
																									
																									
																									
																									
																									
																									
																									
																									
																									
																									
																									
																									
																									
																									
																									
																									
																									
																									
																									
																									
																									
																									
																									
																									
																									
																									
																									
																									
																									
																									
																									
																									
																									
																									
																									
																									
																									
																									
																									
																									
																									
																									
																									
																									
																									
																									
																									
																									
																									
																									
																									
																									
																									
																									
																									
																									
																									
																									
																									
																									
																									
																									
																									
																									
																									
																									
																									
																									
																									
																									
																									
																									
																									
																									
																									
																									
																									
																									
																									
																									
																									
																									
																									
																									
																									
																									
