Geochronid	Grp no	Spot no	Grain spot	238U(ppm)	232Th(ppm)	232Th_238U	f(%)	238U_206Pb	238U_206Pb_er	207Pb_206Pb	207Pb_206Pb_er	238U_206Pb*	238U_206Pb*_er	207Pb*_206*Pb	207Pb*_206*Pb_er	238U_206Pb*_age	238U_206Pb*_age_er	207Pb*_206Pb*_age	207Pb*_206Pb*_age_er	Disc(%)	Calibration Uncertainty included	calibration const	1 sigma external error	1 sigma internal error	ComPb_cor_meth
GSWA_220109.1	Y	94	109-94	69.9	141.3	2.021459227		12.33046	0.0836221	0.0669	0.00185					502.6850499	3.279554561	834.6619588	57.62225808	39.77381566					
GSWA_220109.2	S	118	109-118	56.1	76.5	1.363636364		12.43781	0.08508455	0.0579	0.0011					498.5099023	3.281682018	525.9799537	41.65077114	5.22264228					
GSWA_220109.3	S	112	109-112	106.2	128.2	1.207156309		12.31679	0.0606813	0.0605	0.0012					503.2217429	2.384931962	621.5045106	42.78963213	19.0316829					
GSWA_220109.4	S	134	109-134	42.1	89.6	2.128266033		12.10654	0.08794095	0.0608	0.00225					511.6231414	3.572738745	632.1660041	79.69298793	19.06822922					
GSWA_220109.5	S	91	109-91	59.1	115.4	1.952622673		12.0048	0.0792634	0.0664	0.00225					515.790171	3.272896685	819.0104391	70.78478581	37.02275987					
GSWA_220109.6	S	98	109-98	423	415	0.98108747		12.04094	0.04784479	0.05704	0.0005					514.302207	1.964190332	493.0800653	19.32608163	-4.303995082					
GSWA_220109.7	S	138	109-138	86.5	141.2	1.632369942		11.97175	0.0687949	0.0617	0.00105					517.1584739	2.855737207	663.7267389	36.45628826	22.08262172					
GSWA_220109.8	S	113	109-113	74.5	184.8	2.480536913		12.06273	0.08003015	0.0554	0.001					513.409208	3.274102557	428.4018852	40.24397293	-19.84289186					
GSWA_220109.9	S	47	109-47	76.6	146.5	1.912532637		11.91469	0.07097995	0.0566	0.00105					519.5379892	2.973631587	475.9820749	41.02074686	-9.150746769					
GSWA_220109.10	S	96	109-96	57.5	69.1	1.20173913		11.8624	0.08442985	0.059	0.0011					521.7379057	3.567135836	567.0960442	40.59007012	7.998316866					
GSWA_220109.11	S	6	109-6	133.2	199.8	1.5		11.76332	0.0525828	0.0592	0.00075					525.9578831	2.257710977	574.4589991	27.54730125	8.442920411					
GSWA_220109.12	S	48	109-48	156.6	241.7	1.543422733		11.75364	0.0642389	0.0571	0.00075					526.3738353	2.762547554	495.3975151	28.9471434	-6.252821066					
GSWA_220109.13	S	75	109-75	143.9	236	1.640027797		11.78412	0.06596105	0.0548	0.00065					525.0663227	2.822524829	404.0722349	26.55756766	-29.94367771					
GSWA_220109.14	S	115	109-115	63.7	85.9	1.348508634		11.73021	0.06879885	0.0567	0.0013					527.3833591	2.970010805	479.8840536	50.66395078	-9.898079578					
GSWA_220109.15	S	10	109-10	187.7	108.4	0.577517315		11.68224	0.05390755	0.05868	0.0006					529.4623673	2.345555471	555.2440208	22.30543914	4.643301431					
GSWA_220109.16	S	25	109-25	77	149.5	1.941558442		11.56069	0.0735073	0.0593	0.00095					534.8044854	3.263258091	578.1277393	34.81287315	7.493716523
GSWA_220109.17	S	84	109-84	76.8	217.2	2.828125		11.44689	0.0655156	0.0617	0.00125					539.9046906	2.964248217	663.7267389	43.40034317	18.65557633
GSWA_220109.18	S	21	109-21	228	521	2.285087719		11.43641	0.049046835	0.0587	0.00065					540.3792744	2.223025503	555.987362	24.15295228	2.807273815
GSWA_220109.19	S	106	109-106	315.5	200.9	0.636767036		11.41031	0.0501252	0.0578	0.00065					541.5648419	2.28188761	522.1890215	24.67034338	-3.71049938
GSWA_220109.20	S	43	109-43	308.2	166.5	0.540233615		11.33016	0.04685598	0.0587	0.00055					545.2383357	2.162113439	555.987362	20.43711347	1.933322053
GSWA_220109.21	S	126	109-126	362	70.1	0.193646409		11.20951	0.04586335	0.05766	0.0005					550.8630532	2.160225636	516.8665469	19.04055559	-6.57742438
GSWA_220109.22	S	108	109-108	569	779	1.369068541		11.06807	0.04226324	0.05788	0.00049					557.606674	2.039723388	525.2224873	18.56233305	-6.16580354
GSWA_220109.23	S	35	109-35	429	44.4	0.103496503		10.91107	0.04285856	0.05768	0.0005					565.2883133	2.125874691	517.6279875	19.03147839	-9.207447615
GSWA_220109.24	S	2	109-2	177.5	62.1	0.349859155		10.80964	0.04440238	0.0596	0.00065					570.364664	2.242211446	589.0834546	23.65578874	3.177612681
GSWA_220109.25	S	132	109-132	58.3	3.59	0.061578045		10.68833	0.0571202	0.0573	0.00095					576.5570738	2.947444296	503.0981784	36.49018746	-14.60130419
GSWA_220109.26	S	129	109-129	204.5	135.9	0.664547677		10.57753	0.03804063	0.05933	0.0006					582.3317375	2.002468649	579.2267135	21.97189211	-0.536063688
GSWA_220109.27	S	18	109-18	287	108	0.37630662		10.5042	0.09930445	0.0604	0.0006					586.2176239	5.297457857	617.9346947	21.44300957	5.132754493
GSWA_220109.28	S	79	109-79	218.9	179	0.817724989		10.14199	0.09257395	0.06	0.00065					606.1990183	5.281059469	603.5745894	23.44101995	-0.434814349
GSWA_220109.29	S	97	109-97	194.9	63	0.323242689		10.10611	0.04289609	0.0599	0.0006					608.2528019	2.463711903	599.9641782	21.68710514	-1.381519758
GSWA_220109.30	S	143	109-143	29.75	29.24	0.982857143		9.267841	0.08159825	0.0629	0.0018					660.5403853	5.527660238	704.8514948	60.89102324	6.286587996
GSWA_220109.31	S	46	109-46	151.2	74.8	0.494708995		9.0009	0.04860972	0.06224	0.0006					679.1330644	3.481098431	682.3654299	20.58806085	0.473700075
GSWA_220109.32	S	66	109-66	95.2	35.8	0.37605042		8.912656	0.0595766	0.0621	0.0008					685.5119126	4.347071071	677.5542339	27.53443042	-1.174471114
GSWA_220109.33	S	100	109-100	67	159.7	2.38358209		8.741259	0.045845765	0.0616	0.001					698.2507039	3.470790104	660.2508967	34.79662394	-5.755358673
GSWA_220109.34	S	149	109-149	60.3	62.1	1.029850746		8.673027	0.048893905	0.066	0.00115					703.4547988	3.756988204	806.3757012	36.47160218	12.76339332
GSWA_220109.35	S	50	109-50	85.2	45.8	0.537558685		8.673027	0.045132835	0.0648	0.00075					703.4547988	3.467989082	767.8494485	24.37659099	8.386363999
GSWA_220109.36	S	44	109-44	208.6	152.5	0.731064238		8.556516	0.03660698	0.0696	0.0007					712.5229817	2.885928383	916.5753589	20.68916788	22.26247686
GSWA_220109.37	S	68	109-68	557	418	0.750448833		8.552125	0.030718315	0.06147	0.00047					712.8693167	2.424049913	655.7208588	16.40128771	-8.715363726
GSWA_220109.38	S	101	109-101	95.6	125	1.307531381		8.510638	0.04345858	0.0633	0.00095					716.1582671	3.461162323	718.3251396	31.86362479	0.301656229
GSWA_220109.39	S	27	109-27	250.9	281.9	1.123555201		8.499065	0.036117055	0.06396	0.0006					717.0811621	2.883888903	740.3079662	19.84561509	3.137451607
GSWA_220109.40	S	121	109-121	84.8	42.8	0.504716981		8.264463	0.044395875	0.0633	0.00085					736.3167872	3.73788499	718.3251396	28.50955902	-2.504666275
GSWA_220109.41	S	102	109-102	109.5	77.4	0.706849315		8.032129	0.05483785	0.0721	0.001					756.4124784	4.87279138	988.7646224	28.21526422	23.4992372
GSWA_220109.42	S	5	109-5	398	159	0.399497487		7.782101	0.04239277	0.0667	0.0005					779.3026251	3.998662132	828.4201031	15.63577385	5.929054328
GSWA_220109.43	S	122	109-122	424	181.2	0.427358491		7.751938	0.039060155	0.0684	0.0005					782.1581624	3.711398987	880.6986653	15.12178238	11.18890113
GSWA_220109.44	S	8	109-8	254	192	0.755905512		7.674597	0.0530095	0.06754	0.00055					789.5766992	5.132949909	854.4702796	16.91547657	7.594597717
GSWA_220109.45	S	51	109-51	118.9	54.2	0.455845248		7.61035	0.05502155	0.0654	0.00075					795.8472528	5.412844992	787.2307197	24.07775732	-1.094537206
GSWA_220109.46	S	92	109-92	110.3	59.7	0.541251133		7.564297	0.048635795	0.0649	0.0007					800.4037726	4.839649752	771.0963054	22.70454277	-3.80075315
GSWA_220109.47	S	49	109-49	118	38.1	0.322881356		7.380074	0.05718875	0.066	0.00075					819.1657008	5.961015339	806.3757012	23.78582751	-1.58610926
GSWA_220109.48	S	12	109-12	109.3	64.2	0.587374199		7.293946	0.039901235	0.0676	0.00075					828.2427852	4.251878015	856.3145165	23.03937478	3.278203367
GSWA_220109.49	S	11	109-11	230.2	140.3	0.609470026		7.230658	0.03921181	0.06972	0.0006					835.0421994	4.247395654	920.1180431	17.69329901	9.246187961
GSWA_220109.50	S	37	109-37	236.6	76	0.321217244		7.215007	0.033836615	0.06748	0.00055					836.7409583	3.680106786	852.6238655	16.93545655	1.862826948
GSWA_220109.51	S	9	109-9	554	185.5	0.334837545		7.199942	0.025919585	0.06719	0.00049					838.3826633	2.830130559	843.6686802	15.17455546	0.626551285
GSWA_220109.52	S	40	109-40	185	51.3	0.277297297		7.127584	0.033021595	0.0713	0.00065					846.3586227	3.674620057	966.0267105	18.61044629	12.38765827
GSWA_220109.53	S	54	109-54	171	182	1.064327485		6.877579	0.033110765	0.0683	0.0007					875.1260124	3.939662926	877.6713766	21.21157151	0.29001335
GSWA_220109.54	S	60	109-60	139.7	151.3	1.083035075		6.618134	0.030659785	0.0693	0.00075					907.1265155	3.920154168	907.6832554	22.29378211	0.061336359
GSWA_220109.55	S	31	109-31	145	48.9	0.337241379		6.596306	0.03263344	0.0693	0.0007					909.9260669	4.198342032	907.6832554	20.80752997	-0.247091869
GSWA_220109.56	S	85	109-85	30.8	17.83	0.578896104		6.535948	0.05126235	0.0754	0.002					917.7581657	6.709192235	1079.184082	53.22841069	14.95814471
GSWA_220109.57	S	26	109-26	755	75.6	0.10013245		6.559097	0.02366197	0.0676	0.00048					914.7384211	3.076487345	856.3145165	14.74519986	-6.822715652
GSWA_220109.58	S	128	109-128	181.6	194.9	1.073237885		6.51763	0.0254877	0.0697	0.00065					920.1619068	3.353344737	919.5281548	19.17499905	-0.06892143
GSWA_220109.59	S	72	109-72	35.5	31.7	0.892957746		6.443299	0.04566771	0.0689	0.0012					930.0466624	6.138378863	895.7476807	35.94406377	-3.829089656
GSWA_220109.60	S	133	109-133	108.7	81.8	0.752529899		6.381621	0.03868883	0.0682	0.00075					938.4117445	5.294452429	874.638209	22.77085716	-7.291418881
GSWA_220109.61	S	103	109-103	328.8	182.8	0.555961071		6.23053	0.025232675	0.07059	0.00055					959.5547961	3.610658178	945.5642861	15.95592075	-1.479593737
GSWA_220109.62	S	33	109-33	179	84.1	0.469832402		6.101281	0.027919225	0.0737	0.0007					978.4138029	4.15397462	1033.264312	19.19165566	5.308468333
GSWA_220109.63	S	73	109-73	155.2	1.218	0.007847938		6.027728	0.030883475	0.0723	0.00065					989.4814521	4.699761029	994.3974387	18.27346095	0.494368385
GSWA_220109.64	S	99	109-99	62.7	84.5	1.3476874		5.977286	0.033941555	0.075	0.0009					997.2177093	5.246375597	1068.501534	24.11905097	6.671382501
GSWA_220109.65	S	90	109-90	147.4	149	1.010854817		5.724098	0.032765305	0.07274	0.0006					1037.955247	5.487712182	1006.718099	16.73432786	-3.102869421
GSWA_220109.66	S	148	109-148	61.2	19.57	0.319771242		5.78369	0.031778515	0.0728	0.00105					1028.069714	5.221325929	1008.390629	29.25349351	-1.95153392
GSWA_220109.67	S	80	109-80	155.6	284	1.825192802		5.941771	0.030008945	0.07326	0.00065					1002.737742	4.690106889	1021.153742	17.9607529	1.803450339
GSWA_220109.68	S	71	109-71	110.9	153.6	1.38503156		5.817336	0.028765185	0.0734	0.00075					1022.571183	4.675698823	1025.017389	20.67231065	0.238650244
GSWA_220109.69	S	120	109-120	194	85.9	0.442783505		5.668934	0.0514189	0.0735	0.0007					1047.277577	8.767649237	1027.771247	19.25987356	-1.897925191
GSWA_220109.70	S	16	109-16	49.9	58.5	1.172344689		5.336179	0.03701725	0.0746	0.00115					1107.275111	7.057721717	1057.744597	31.03407693	-4.68265348
GSWA_220109.71	S	131	109-131	147.8	81.9	0.554127199		5.524862	0.032050305	0.07463	0.0006					1072.435351	5.731358923	1058.55397	16.18321592	-1.311353223
GSWA_220109.72	S	88	109-88	393	223.8	0.569465649		5.393743	0.02181935	0.07473	0.0005					1096.407915	4.078632629	1061.248821	13.46251873	-3.312992494
GSWA_220109.73	S	87	109-87	143.7	138	0.960334029		5.393743	0.024728595	0.0748	0.00065					1096.407915	4.622450001	1063.132426	17.4799548	-3.129947765
GSWA_220109.74	S	141	109-141	86.96	97.5	1.121205152		5.698006	0.02922054	0.0749	0.00075					1042.343794	4.935577873	1065.819312	20.13413575	2.202579501
GSWA_220109.75	S	52	109-52	349.6	141.3	0.404176201		5.402485	0.021890135	0.07492	0.00055					1094.776234	4.079665032	1066.356129	14.75990351	-2.665160784
GSWA_220109.76	S	123	109-123	361	281.1	0.77867036		5.537099	0.02146162	0.07519	0.00055					1070.25155	3.82219954	1073.584959	14.69098902	0.310493291
GSWA_220109.77	S	95	109-95	430.7	47.6	0.110517762		5.316321	0.01978429	0.07564	0.0005					1111.074267	3.79807281	1085.558313	13.25226308	-2.350491324
GSWA_220109.78	S	135	109-135	651	100.2	0.153917051		5.425936	0.020608545	0.07567	0.0005					1090.423091	3.810258791	1086.353244	13.24543852	-0.374633872
GSWA_220109.79	S	116	109-116	95.7	104.7	1.094043887		5.336179	0.02705107	0.0757	0.00085					1107.275111	5.157566384	1087.147766	22.50565515	-1.851390041
GSWA_220109.80	S	42	109-42	281.9	170.8	0.605888613		5.249344	0.02480005	0.07574	0.00055					1124.083042	4.873391445	1088.206492	14.55249472	-3.296851278
GSWA_220109.81	S	146	109-146	46.11	59.43	1.288874431		5.359057	0.043079235	0.0758	0.00105					1102.930341	8.149014561	1089.793221	27.75348017	-1.205469081
GSWA_220109.82	S	82	109-82	250.9	46.8	0.186528497		5.336179	0.02277985	0.07585	0.0006					1107.275111	4.343214098	1091.114249	15.8455583	-1.481133782
GSWA_220109.83	S	117	109-117	171.3	132	0.770577933		5.67215	0.02734729	0.07586	0.0006					1046.729491	4.658209245	1091.378319	15.84284632	4.091049626
GSWA_220109.84	S	28	109-28	285.7	173.2	0.606230312		5.213764	0.024465005	0.07587	0.00055					1131.118645	4.868076458	1091.642344	14.52012396	-3.616230238
GSWA_220109.85	S	147	109-147	259.8	143.5	0.55234796		5.467469	0.02241991	0.07638	0.00065					1082.79799	4.087251721	1105.048031	17.01162333	2.013490842
GSWA_220109.86	S	70	109-70	105.1	157.2	1.495718363		5.387931	0.03628725	0.0764	0.00095					1097.495417	6.796573542	1105.571377	24.8547024	0.730478349
GSWA_220109.87	S	145	109-145	190.8	208.8	1.094339623		5.324814	0.025518275	0.0768	0.0007					1109.446225	4.884468559	1116.001145	18.19046396	0.58735779
GSWA_220109.88	S	89	109-89	30.01	63.8	2.125958014		5.035247	0.03422751	0.0771	0.00115					1167.795004	7.260686466	1123.777397	29.73384155	-3.916932992
GSWA_220109.89	S	63	109-63	181.3	177.9	0.981246553		5.01002	0.02259027	0.07744	0.00065					1173.171115	4.836422694	1132.543271	16.71066805	-3.587310502
GSWA_220109.90	S	109	109-109	37.2	49.1	1.319892473		5.285412	0.0335227	0.0777	0.00105					1117.039936	6.504959534	1139.213065	26.87741461	1.946354884
GSWA_220109.91	S	125	109-125	123.3	288	2.335766423		5.102041	0.029935445	0.07905	0.00065					1153.796291	6.198475062	1173.387156	16.27257963	1.66959941
GSWA_220109.92	S	64	109-64	285.7	100.4	0.351417571		4.482295	0.01808187	0.08278	0.0006					1298.234436	4.743497882	1264.033432	14.15780465	-2.705704095
GSWA_220109.93	S	105	109-105	76.4	0.766	0.010026178		4.668534	0.02070545	0.0832	0.0008					1251.155048	5.043727297	1273.911891	18.75540313	1.786374957
GSWA_220109.94	S	13	109-13	240	54.8	0.228333333		4.657662	0.024947885	0.08368	0.0007					1253.809039	6.103050611	1285.123869	16.29090815	2.436716866
GSWA_220109.95	S	4	109-4	368	352	0.956521739		4.440497	0.017746215	0.08409	0.00055					1309.293214	4.735368579	1294.635981	12.72045903	-1.132150946
GSWA_220109.96	S	81	109-81	112.8	121.9	1.080673759		4.366812	0.020975955	0.0843	0.00085					1329.256021	5.769777568	1299.485168	19.59649495	-2.290972924
GSWA_220109.97	S	114	109-114	163.8	157.9	0.963980464		4.418913	0.01952679	0.0843	0.0007					1315.078186	5.256799725	1299.485168	16.13828996	-1.199938141
GSWA_220109.98	S	111	109-111	147.8	132.3	0.895128552		4.418913	0.01757411	0.08467	0.00065					1315.078186	4.731119483	1307.991637	14.90218911	-0.541788533
GSWA_220109.99	S	93	109-93	82.6	113.6	1.375302663		4.528986	0.019486125	0.0847	0.0008					1286.100641	5.01645847	1308.679275	18.33288454	1.725299337
GSWA_220109.100	S	74	109-74	110.6	123	1.112115732		4.266212	0.017290535	0.0863	0.00075					1357.518159	4.961190067	1344.910768	16.78301907	-0.937414669
GSWA_220109.101	S	36	109-36	318.3	224.3	0.704681118		4.239084	0.01886833	0.08978	0.00065					1365.34708	5.476767248	1420.85408	13.83569959	3.906594035
GSWA_220109.102	S	19	109-19	280	189	0.675		4.066694	0.0148842	0.08982	0.0006					1417.296693	4.656692186	1421.705269	12.76424321	0.310090686
GSWA_220109.103	S	137	109-137	82.5	69	0.836363636		3.974563	0.04344216	0.091	0.0009					1446.721822	14.1639797	1446.602531	18.83415281	-0.008246277
GSWA_220109.104	S	38	109-38	63.4	105.9	1.670347003		3.82995	0.0198025	0.0924	0.001					1495.467316	6.900848423	1475.61998	20.52910609	-1.34501676
GSWA_220109.105	S	83	109-83	199.3	121.7	0.61063723		4.024145	0.042913415	0.0937	0.00085					1430.73537	13.68281629	1502.074779	17.14669758	4.749391286
GSWA_220109.106	S	130	109-130	70.4	116.4	1.653409091		3.552398	0.020822225	0.0948	0.00075					1598.912224	8.300103344	1524.102996	14.91006535	-4.908410279
GSWA_220109.107	S	22	109-22	49.1	18.97	0.386354379		3.658983	0.019412825	0.0963	0.00115					1557.530663	7.341003439	1553.631841	22.4182518	-0.250948879
GSWA_220109.108	S	104	109-104	156.8	116.2	0.741071429		3.63901	0.017215115	0.09919	0.00075					1565.120482	6.573846756	1608.940097	14.0923425	2.723508199
GSWA_220109.109	S	59	109-59	176.8	134.8	0.762443439		3.631082	0.01516247	0.09939	0.00075					1568.153803	5.812589226	1612.693358	14.05714184	2.761811819
GSWA_220109.110	S	7	109-7	190.7	121.4	0.636601993		3.474635	0.013884055	0.10012	0.00075					1630.526006	5.756622166	1626.313628	13.9300835	-0.259013868
GSWA_220109.111	S	3	109-3	97.8	86.6	0.885480573		3.632401	0.025728955	0.1014	0.00085					1567.648323	9.856901567	1649.901076	15.54089611	4.98531421
GSWA_220109.112	S	53	109-53	208	156.3	0.751442308		3.307972	0.01258408	0.10183	0.0007					1702.703929	5.692525428	1657.742377	12.73154447	-2.712215893
GSWA_220109.113	S	29	109-29	337	199.4	0.591691395		3.363606	0.01244523	0.10249	0.0007					1677.905992	5.466010781	1669.698529	12.63025005	-0.491553595
GSWA_220109.114	S	67	109-67	214	172.9	0.807943925		3.364738	0.01358575	0.10259	0.0007					1677.408959	5.963378724	1671.501763	12.61503769	-0.353406535
GSWA_220109.115	S	136	109-136	163.8	92.7	0.565934066		3.360215	0.01524291	0.1026	0.0008					1679.396668	6.70673459	1671.681967	14.41544959	-0.461493314
GSWA_220109.116	S	65	109-65	261.2	149.6	0.572741194		3.297066	0.0135883	0.10448	0.0007					1707.651779	6.182778201	1705.180248	12.3340207	-0.144942484
GSWA_220109.117	S	142	109-142	147.4	97.2	0.659430122		3.247808	0.01371273	0.10551	0.0008					1730.364402	6.407474769	1723.219478	13.92673834	-0.414626485
GSWA_220109.118	S	24	109-24	271	88.8	0.327675277		3.106555	0.01302842	0.10744	0.0007					1799.001337	6.583445812	1756.444919	11.91738162	-2.422872336
GSWA_220109.119	S	55	109-55	174	94.3	0.541954023		3.085467	0.01475617	0.1076	0.0008					1809.721315	7.546216183	1759.166404	13.59500877	-2.873799209
GSWA_220109.120	S	107	109-107	71.2	61.7	0.866573034		3.017502	0.01274744	0.1089	0.0009					1845.163447	6.77856108	1781.096039	15.07078269	-3.597077662
GSWA_220109.121	S	1	109-1	298	79.4	0.266442953		3.240441	0.01312557	0.10922	0.00075					1733.813645	6.157738396	1786.444915	12.51392161	2.946145702
GSWA_220109.122	S	62	109-62	220.3	159.6	0.724466636		2.580645	0.00932362	0.12578	0.00085					2111.223749	6.504489828	2039.803383	11.94956497	-3.501335785
GSWA_220109.123	S	77	109-77	121.5	122.6	1.009053498		2.798769	0.011358005	0.126	0.0009					1969.362703	6.886686621	2042.892963	12.62591986	3.59932029
GSWA_220109.124	S	32	109-32	143.7	109.6	0.76270007		2.117747	0.0089697	0.15794	0.00105					2493.201211	8.757520814	2433.725766	11.26559207	-2.44380223
GSWA_220109.125	S	150	109-150	224.1	149.2	0.665774208		2.05381	0.00780355	0.16623	0.0011					2557.249873	8.020623786	2520.038061	11.1167658	-1.476636919
GSWA_220109.126	S	86	109-86	199.6	221.6	1.110220441		2.030045	0.008860325	0.1827	0.0012					2581.914653	9.285667199	2677.53347	10.86750569	3.571152975
GSWA_220109.127	S	15	109-15	127.2	72.81	0.57240566		1.808973	0.006872	0.2011	0.0013					2836.806802	8.7180972	2835.144678	10.54208695	-0.058625739
GSWA_220109.128	S	76	109-76	361	67.1	0.185872576		1.741857	0.010012415	0.22901	0.0014					2924.632668	13.51449273	3045.141741	9.789573017	3.957420816
GSWA_220109.129	S	144	109-144	91	228	2.505494505		1.639076	0.00779105	0.2337	0.00155					3070.402498	11.61082845	3077.5616	10.59228713	0.232622552
GSWA_220109.130	S	61	109-61	208	102.2	0.491346154		1.610565	0.007003585	0.2467	0.0016					3113.49959	10.73806037	3163.71169	10.28510725	1.587126281
GSWA_220109.131	S	110	109-110	64.2	64	0.996884735		1.584786	0.007409065	0.2508	0.0017					3153.542864	11.65967356	3189.823244	10.72677308	1.137379001
GSWA_220109.132	S	20	109-20	319	103.9	0.325705329		1.562256	0.00622364	0.26745	0.00165					3189.409766	10.02277426	3291.135446	9.685671072	3.090899219
GSWA_220109.133	S	140	109-140	80.2	65.9	0.821695761		1.462202	0.00737622	0.2696	0.00175					3359.307351	13.20751199	3303.699614	10.18088344	-1.68319592
GSWA_220109.134	D	41	109-41	71.1	70.8	0.995780591		5.274262	0.03059962	0.0738	0.0009					1119.207763	5.960873276	1036.003551	24.63135383	-8.031266987
GSWA_220109.135	D	30	109-30	96	137	1.427083333		5.194805	0.0296846	0.0741	0.00085					1134.903786	5.946378049	1044.192297	23.14015297	-8.687239845
GSWA_220109.136	D	124	109-124	54	82.6	1.52962963		5.232862	0.02738285	0.0747	0.001					1127.331258	5.412152928	1060.440859	26.93911774	-6.307791563
GSWA_220109.137	D	69	109-69	117.3	81.7	0.696504689		5.78369	0.031778515	0.0758	0.0007					1028.069714	5.221325929	1089.793221	18.50232011	5.66378148
GSWA_220109.138	D	56	109-56	98.7	72.2	0.731509625		4.911591	0.02050517	0.0763	0.0008					1194.63064	4.552552948	1102.952869	20.96585624	-8.312029733
GSWA_220109.139	D	23	109-23	159.8	30.4	0.190237797		5.099439	0.11441885	0.0843	0.0008					1154.335317	23.71392765	1299.485168	18.44375996	11.16979665
GSWA_220109.140	D	14	109-14	383	78.8	0.205744125		5.035247	0.024086025	0.0846	0.0008					1167.795004	5.10937184	1306.385941	18.36048335	10.6087284
GSWA_220109.141	D	17	109-17	149	80.5	0.540268456		4.775549	0.0547341	0.085	0.0014					1225.620472	12.79262321	1315.53865	31.93848624	6.835084475
GSWA_220109.142	D	119	109-119	151.3	134.6	0.889623265		4.821601	0.025572615	0.0859	0.0007					1214.951035	5.87299513	1335.933396	15.75682715	9.056017445
GSWA_220109.143	D	139	109-139	199	92.8	0.466331658		4.248088	0.020753195	0.0922	0.00075					1362.738568	6.000791799	1471.508571	15.43877448	7.3917342
GSWA_220109.144	D	78	109-78	338.4	214.2	0.632978723		4.269855	0.035551735	0.09221	0.00065					1356.473677	10.18514492	1471.714407	13.37844908	7.83037318
GSWA_220109.145	D	58	109-58	488	110	0.225409836		3.971406	0.06545405	0.1012	0.00125					1447.751873	21.37131323	1646.239923	22.91018643	12.05705484
GSWA_220109.146	D	45	109-45	316	135.4	0.428481013		3.657644	0.038128335	0.10267	0.00065					1558.037174	14.4277405	1672.942787	11.70268652	6.868472397
GSWA_220109.147	D	57	109-57	271.7	103.4	0.380566802		3.502627	0.05459435	0.10665	0.00075					1619.002391	22.31547023	1742.934245	12.88489321	7.110529539
GSWA_220109.148	D	39	109-39	174	258	1.482758621		4.43459	0.0619466	0.1068	0.00095					1310.871334	16.56972961	1745.508999	16.2927026	24.90033939
GSWA_220109.149	D	34	109-34	615.4	355	0.576860578		3.092146	0.035855125	0.14976	0.001					1806.312191	18.26662591	2343.187614	11.42131948	22.91218254
GSWA_220109.150	D	127	109-127	205.4	87.9	0.427945472		2.275313	0.010095245	0.16157	0.00105					2348.401687	8.732550616	2472.156801	10.9697837	5.005957315
