Geochronid	Grp no	Spot no	Grain spot	238U(ppm)	232Th(ppm)	232Th_238U	f(%)	238U_206Pb	238U_206Pb_er	207Pb_206Pb	207Pb_206Pb_er	238U_206Pb*	238U_206Pb*_er	207Pb*_206*Pb	207Pb*_206*Pb_er	238U_206Pb_age	238U_206Pb_age_er	207Pb_206Pb_age	207Pb_206Pb_age_er	Disc(%)	Calibration Uncertainty included	calibration const	1 sigma external error	1 sigma internal error	ComPb_cor_meth
GSWA_226185.1	Y	71	226185 - 71	397.5	345	0.867924528		13.31203	0.0779725	0.0589	0.00105					466.928636	2.638239018	563.4017546	38.83508153	17.1233259	FALSE				
GSWA_226185.1	S	44	226185 - 44	206.6	167.2	0.80929332		13.05313	0.0834882	0.0565	0.0013					475.8562128	2.933969374	472.0705633	50.9118056	-0.80192451	FALSE				
GSWA_226185.1	S	74	226185 - 74	147.7	64	0.433310765		11.37656	0.08412705	0.0604	0.00165					543.1056427	3.851615737	617.9346947	58.96827632	12.10954047	FALSE				
GSWA_226185.1	S	55	226185 - 55	1620	1066	0.658024691		10.52632	0.05096955	0.06146	0.0008					585.0399908	2.708081709	655.3718568	27.92324089	10.73159692	FALSE				
GSWA_226185.1	S	19	226185 - 19	2406	108.1	0.044929343		10.5031	0.047435485	0.05842	0.0007					586.2763099	2.530982575	545.5488934	26.18182568	-7.46540172	FALSE				
GSWA_226185.1	S	46	226185 - 46	565	489	0.865486726		10.43623	0.05282375	0.0591	0.00085					589.8661084	2.853125738	570.7817799	31.2925054	-3.343541986	FALSE				
GSWA_226185.1	S	58	226185 - 58	2250	105.4	0.046844444		10.19784	0.050438	0.0599	0.00075					603.0296174	2.847302512	599.9641782	27.10888143	-0.510937034	FALSE				
GSWA_226185.1	S	22	226185 - 22	824	1690	2.050970874		10	0.065	0.0598	0.0009					614.4088948	3.809244744	596.3455425	32.60483867	-3.029007679	FALSE				
GSWA_226185.1	S	35	226185 - 35	468	572	1.222222222		9.866798	0.05354455	0.0638	0.00105					622.3155657	3.219256989	735.006891	34.84691063	15.33200936	FALSE				
GSWA_226185.1	S	41	226185 - 41	86.2	111.5	1.29350348		9.832842	0.0870163	0.0626	0.00185					624.3638257	5.2662	694.6702281	62.98734344	10.12083137	FALSE				
GSWA_226185.1	S	21	226185 - 21	132.8	68.9	0.518825301		9.52381	0.0770975	0.059	0.0013					643.6443527	4.958779303	567.0960442	47.97008287	-13.49829703	FALSE				
GSWA_226185.1	S	45	226185 - 45	218.2	334	1.530705775		9.469697	0.05828885	0.0621	0.00125					647.1437468	3.789950138	677.5542339	43.02254754	4.48827349	FALSE				
GSWA_226185.1	S	36	226185 - 36	318.5	310.4	0.974568289		9.344921	0.04803015	0.0615	0.001					655.3597903	3.202796429	656.7674035	34.87329332	0.214324454	FALSE				
GSWA_226185.1	S	66	226185 - 66	274.2	131.2	0.478482859		9.049774	0.0573289	0.0615	0.00115					675.6510019	4.063476806	656.7674035	40.10428732	-2.875233803	FALSE				
GSWA_226185.1	S	24	226185 - 24	357.5	75.6	0.211468531		8.828463	0.046765055	0.0613	0.00105					691.7107498	3.474313042	649.7773358	36.77897993	-6.453505188	FALSE				
GSWA_226185.1	S	31	226185 - 31	484	1450	2.995867769		7.112376	0.11381825	0.0767	0.00105					848.0543539	12.71649222	1113.400313	27.33179407	23.83203561	FALSE
GSWA_226185.1	S	27	226185 - 27	1531	86.7	0.056629654		6.915629	0.0526085	0.07253	0.00085					870.6219944	6.195223903	1000.849993	23.79685862	13.01173996	FALSE
GSWA_226185.1	S	8	226185 - 8	509	108	0.212180747		6.901311	0.035721075	0.0664	0.00095					872.3113716	4.222911409	819.0104391	29.88690957	-6.507967407	FALSE
GSWA_226185.1	S	80	226185 - 80	465.3	225	0.483558994		6.684492	0.0513848	0.0726	0.001					898.7207437	6.44865741	1002.808497	27.96096661	10.37962417	FALSE
GSWA_226185.1	S	4	226185 - 4	242.8	103.2	0.425041186		6.385696	0.03873826	0.0688	0.0012					937.8544246	5.294910795	892.7494633	36.01319549	-5.052364982	FALSE
GSWA_226185.1	S	7	226185 - 7	431	166.8	0.387006961		5.931198	0.029902245	0.071	0.001					1004.392932	4.688903269	957.4134494	28.79056534	-4.906916957	FALSE
GSWA_226185.1	S	18	226185 - 18	368.9	281.6	0.763350501		6.035003	0.03095807	0.0754	0.0011					988.3756026	4.700567636	1079.184082	29.27562588	8.414549587	FALSE
GSWA_226185.1	S	10	226185 - 10	373.1	139.7	0.374430448		5.834306	0.03063521	0.0725	0.00105					1019.820194	4.952853061	1000.009876	29.41204885	-1.981012219	FALSE
GSWA_226185.1	S	47	226185 - 47	236.7	152.4	0.643852978		5.747126	0.03137799	0.073	0.00125					1034.112701	5.216434836	1013.952731	34.70082678	-1.988255396	FALSE
GSWA_226185.1	S	11	226185 - 11	80.9	73.5	0.908529048		5.473454	0.04044424	0.0739	0.0018					1081.707998	7.35829755	1038.737951	49.17573816	-4.13675525	FALSE
GSWA_226185.1	S	17	226185 - 17	415	267.5	0.644578313		5.402485	0.02626816	0.0742	0.00095					1094.776234	4.895597666	1046.912275	25.81708506	-4.57191691	FALSE
GSWA_226185.1	S	48	226185 - 48	252	148.8	0.59047619		5.813953	0.03211195	0.0742	0.0012					1023.121376	5.22533615	1046.912275	32.61105481	2.272482554	FALSE
GSWA_226185.1	S	73	226185 - 73	355.7	127.9	0.359572674		5.617978	0.03471784	0.0755	0.0011					1056.039146	6.019571115	1081.843211	29.2252404	2.385194548	FALSE
GSWA_226185.1	S	77	226185 - 77	233	126.7	0.543776824		5.714286	0.03102041	0.0759	0.0012					1039.601226	5.211994271	1092.434148	31.66401455	4.836256906	FALSE
GSWA_226185.1	S	53	226185 - 53	237.1	108.1	0.45592577		5.592841	0.037535845	0.0761	0.00115					1060.415641	6.562349066	1097.702476	30.24121304	3.396807082	FALSE
GSWA_226185.1	S	40	226185 - 40	455.9	81.1	0.177889888		5.518764	0.02741108	0.0763	0.00105					1073.526931	4.91176151	1102.952869	27.51768631	2.667923431	FALSE
GSWA_226185.1	S	51	226185 - 51	590.2	210	0.355811589		5.434783	0.026583175	0.0769	0.001					1088.789849	4.900145117	1118.597593	25.9426156	2.664742414	FALSE
GSWA_226185.1	S	9	226185 - 9	85.88	64.46	0.750582208		5.157298	0.041226465	0.0775	0.00155					1142.467339	8.369160628	1134.085022	39.80862001	-0.739125998	FALSE
GSWA_226185.1	S	76	226185 - 76	75.3	54.9	0.729083665		5.125577	0.04072088	0.0788	0.0018					1148.943446	8.360756875	1167.115685	45.24689623	1.557021237	FALSE
GSWA_226185.1	S	52	226185 - 52	146.6	159.3	1.086630286		5.149331	0.027841385	0.0788	0.0014					1144.086976	5.668006788	1167.115685	35.1920304	1.973129959	FALSE
GSWA_226185.1	S	1	226185 - 1	362	214.7	0.593093923		4.930966	0.02431443	0.0789	0.00115					1190.344485	5.359507167	1169.627347	28.86051243	-1.771259696	FALSE
GSWA_226185.1	S	75	226185 - 75	180.7	191.5	1.059767571		5.200208	0.02974638	0.0798	0.0012					1133.822499	5.94737541	1192.049317	29.67863936	4.884598126	FALSE
GSWA_226185.1	S	72	226185 - 72	152.6	139.9	0.916775885		5.083884	0.031015055	0.0802	0.00145					1157.568228	6.464191349	1201.910431	35.63185438	3.689310037	FALSE
GSWA_226185.1	S	14	226185 - 14	175.2	24.6	0.140410959		4.585053	0.024176115	0.0809	0.00125					1271.827604	6.086015574	1219.016212	30.37617551	-4.332296146	FALSE
GSWA_226185.1	S	32	226185 - 32	85.9	92.6	1.077997672		4.868549	0.035554155	0.0813	0.0016					1204.264097	8.021919258	1228.705872	38.63627453	1.989229118	FALSE
GSWA_226185.1	S	26	226185 - 26	125.4	229.1	1.826953748		4.612546	0.027658255	0.0837	0.0015					1264.944186	6.88719466	1285.589253	34.89844673	1.605883596	FALSE
GSWA_226185.1	S	33	226185 - 33	933	428	0.458735263		4.418913	0.02733751	0.0847	0.00105					1315.078186	7.359520692	1308.679275	24.06191096	-0.48895941	FALSE
GSWA_226185.1	S	38	226185 - 38	330.6	424	1.282516636		3.921569	0.01999231	0.0912	0.00115					1464.209852	6.677559151	1450.782121	23.99948128	-0.925551182	FALSE
GSWA_226185.1	S	20	226185 - 20	119.9	129	1.07589658		3.877472	0.0248074	0.0914	0.00155					1479.088851	8.455825258	1454.950197	32.25813033	-1.659070791	FALSE
GSWA_226185.1	S	28	226185 - 28	224.2	147.8	0.659232828		3.727171	0.020837705	0.0935	0.0014					1532.167126	7.624080266	1498.034859	28.31732085	-2.2784695	FALSE
GSWA_226185.1	S	15	226185 - 15	385.9	535	1.386369526		3.645643	0.018607005	0.0936	0.0012					1562.591685	7.082306356	1500.056171	24.23950414	-4.168878193	FALSE
GSWA_226185.1	S	16	226185 - 16	673	671	0.997028232		3.551136	0.01576321	0.09626	0.00115					1599.415438	6.287467428	1552.851874	22.42987246	-2.99858379	FALSE
GSWA_226185.1	S	64	226185 - 64	153.6	119	0.774739583		3.706449	0.01991976	0.0967	0.00155					1539.786756	7.361239052	1561.409361	30.06013265	1.384813342	FALSE
GSWA_226185.1	S	59	226185 - 59	1036	1634	1.577220077		3.58038	0.019228675	0.09682	0.0011					1587.835772	7.558522887	1563.734799	21.30004651	-1.541244277	FALSE
GSWA_226185.1	S	42	226185 - 42	286	133.6	0.467132867		3.650968	0.038655735	0.0981	0.0013					1560.567491	14.67508965	1588.318249	24.76449177	1.747178665	FALSE
GSWA_226185.1	S	70	226185 - 70	501	539	1.075848303		3.635042	0.019159615	0.0983	0.0012					1566.637197	7.330639733	1592.123348	22.80170319	1.600764821	FALSE
GSWA_226185.1	S	81	226185 - 81	90.6	126.5	1.396247241		3.681885	0.0244013	0.0986	0.0017					1548.918339	9.125154119	1597.812983	32.18027419	3.060098087	FALSE
GSWA_226185.1	S	54	226185 - 54	103.71	94.8	0.914087359		3.656307	0.02205816	0.0989	0.00155					1558.543259	8.352245047	1603.481144	29.23028403	2.802520297	FALSE
GSWA_226185.1	S	30	226185 - 30	453.8	85.1	0.187527545		3.263708	0.01597768	0.1076	0.0013					1722.966845	7.401728894	1759.166404	22.09188924	2.05776775	FALSE
GSWA_226185.1	S	56	226185 - 56	211.5	179	0.846335697		2.901915	0.014736945	0.1181	0.0015					1908.761285	8.390023483	1927.673418	22.75412088	0.981085924	FALSE
GSWA_226185.1	D	68	226185 - 68	5060	4129	0.816007905		14.36782	0.1238605	0.0849	0.00225					433.745232	3.616162105	1313.25562	51.40666402	66.97175894	FALSE
GSWA_226185.1	D	37	226185 - 37	549	148.9	0.271220401		5.417118	0.02641065	0.0737	0.00095					1092.055875	4.897663851	1033.264312	26.04581839	-5.689886141	FALSE
GSWA_226185.1	D	6	226185 - 6	109.1	117.5	1.076993584		5.047956	0.03185232	0.0739	0.0015					1165.105269	6.725662836	1038.737951	40.9797818	-12.16546651	FALSE
GSWA_226185.1	D	29	226185 - 29	1610	197.9	0.122919255		5.955926	0.035473055	0.07459	0.00085					1000.530333	5.519662854	1057.474712	22.94223619	5.384940042	FALSE
GSWA_226185.1	D	2	226185 - 2	20.66	6.16	0.298160697		4.965243	0.0554707	0.0749	0.0031					1182.836767	12.0729445	1065.819312	83.22109445	-10.97910815	FALSE
GSWA_226185.1	D	39	226185 - 39	665	170	0.255639098		4.952947	0.030664605	0.0772	0.00095					1185.519021	6.704399477	1126.36078	24.52156469	-5.252157369	FALSE
GSWA_226185.1	D	57	226185 - 57	138.4	90.7	0.655346821		5.260389	0.03458962	0.0802	0.0013					1121.916811	6.770875305	1201.910431	31.94580048	6.655539139	FALSE
GSWA_226185.1	D	65	226185 - 65	205.9	250.5	1.216610005		5.896226	0.034765485	0.0814	0.0013					1009.90698	5.511640604	1231.118737	31.34253647	17.96835275	FALSE
GSWA_226185.1	D	78	226185 - 78	360	961.6	2.671111111		5.063291	0.0307643	0.0818	0.00115					1161.87626	6.459872451	1240.73234	27.55247258	6.355607654	FALSE
GSWA_226185.1	D	49	226185 - 49	136.3	111.4	0.817314747		5.408329	0.02925002	0.082	0.00145					1093.688173	5.440470628	1245.516586	34.63160214	12.18999525	FALSE
GSWA_226185.1	D	62	226185 - 62	256	161	0.62890625		4.923683	0.030303315	0.0852	0.0013					1191.952014	6.697711738	1320.094473	29.56862317	9.707067335	FALSE
GSWA_226185.1	D	63	226185 - 63	106.3	72.2	0.679209784		4.589261	0.03053891	0.0861	0.0017					1270.769181	7.674932946	1340.428702	38.1537266	5.196809138	FALSE
GSWA_226185.1	D	67	226185 - 67	346	123	0.355491329		4.191115	0.02459162	0.0922	0.0012					1379.414679	7.286435371	1471.508571	24.70203916	6.258467947	FALSE
GSWA_226185.1	D	60	226185 - 60	116.9	123.2	1.053892216		4.175365	0.03399567	0.094	0.0016					1384.097266	10.14159771	1508.11445	32.14719354	8.223327083	FALSE
GSWA_226185.1	D	25	226185 - 25	424.6	289	0.680640603		3.977725	0.036391275	0.0951	0.00125					1445.691613	11.84813032	1530.055253	24.7521568	5.513764229	FALSE
GSWA_226185.1	D	69	226185 - 69	346.3	182.3	0.526422177		4.210526	0.022160665	0.0959	0.00125					1373.687219	6.511530413	1545.813921	24.49454575	11.13502082	FALSE
GSWA_226185.1	D	61	226185 - 61	411.6	391.3	0.950680272		4.226543	0.026795495	0.1008	0.00125					1368.997028	7.819521359	1638.890668	23.02283556	16.46806862	FALSE
GSWA_226185.1	D	23	226185 - 23	1211.7	483.7	0.399191219		3.395586	0.021330505	0.11	0.0013					1663.977455	9.21271905	1799.40279	21.50264812	7.526126785	FALSE
GSWA_226185.1	D	50	226185 - 50	236.1	253.2	1.072426938		3.233107	0.01567947	0.1122	0.00145					1737.261205	7.385336022	1835.353495	23.41030353	5.344599301	FALSE
GSWA_226185.1	D	79	226185 - 79	409	403	0.985330073		3.310162	0.01753148	0.1148	0.0014					1701.713841	7.921254077	1876.74762	21.98082347	9.326442039	FALSE
GSWA_226185.1	D	34	226185 - 34	408.7	147.7	0.361389772		2.946376	0.014757925	0.1262	0.0015					1883.782426	8.181951011	2045.696049	21.00311191	7.91484264	FALSE
GSWA_226185.1	D	12	226185 - 12	150.7	158.3	1.050431321		2.723312	0.01483285	0.1321	0.0018					2016.211495	9.430093104	2126.067662	23.8602919	5.167105873	FALSE
GSWA_226185.1	D	5	226185 - 5	127.3	47.2	0.37077769		2.47586	0.01379224	0.1667	0.00215					2186.972571	10.33153026	2524.780136	21.65679959	13.3796825	FALSE
GSWA_226185.1	D	43	226185 - 43	419.3	23.27	0.055497257		1.915342	0.00898791	0.2075	0.00235					2708.080196	10.37626558	2886.119449	18.38556019	6.168810986	FALSE
GSWA_226185.1	D	3	226185 - 3	184.4	137.5	0.745661605		2.006823	0.013692955	0.255	0.003					2606.486156	14.62845476	3216.077739	18.5789553	18.95450397	FALSE
GSWA_226185.1	D	13	226185 - 13	1351	678	0.501850481		3.546099	0.1257482	0.26	0.0165					1601.427085	50.2840486	3246.705921	99.97742159	50.67532681	FALSE
