Geochronid	Grp no	Spot no	Grain spot	238U(ppm)	232Th(ppm)	232Th_238U	f(%)	238U_206Pb	238U_206Pb_er	207Pb_206Pb	207Pb_206Pb_er	238U_206Pb*	238U_206Pb*_er	207Pb*_206*Pb	207Pb*_206*Pb_er	238U_206Pb_age	238U_206Pb_age_er	207Pb_206Pb_age	207Pb_206Pb_age_er	Disc(%)	Calibration Uncertainty included	calibration const	1 sigma external error	1 sigma internal error	ComPb_cor_meth
GSWA_226184.1	Y	64	226184 - 64	71.3	45.6	0.639551192		13.98601	0.136926	0.0583	0.00235					445.1864944	4.211378488	541.0542501	88.14429163	17.7186956	FALSE				
GSWA_226184.1	S	65	226184 - 65	440	356.9	0.811136364		13.55381	0.0744008	0.0615	0.0011					458.8888084	2.431407302	656.7674035	38.36062266	30.12917421	FALSE				
GSWA_226184.1	S	82	226184 - 82	199.8	90.5	0.452952953		13.49528	0.10016735	0.0568	0.00145					460.8095698	3.300926705	483.7765434	56.37252003	4.74743432	FALSE				
GSWA_226184.1	S	60	226184 - 60	137	133.8	0.976642336		12.82051	0.09861935	0.0553	0.0014					484.1739784	3.587987902	424.3724375	56.48308327	-14.09175894	FALSE				
GSWA_226184.1	S	66	226184 - 66	209.2	116.5	0.556883365		11.93317	0.07832035	0.0597	0.0012					518.7649413	3.271387661	592.7186466	43.57245568	12.4770337	FALSE				
GSWA_226184.1	S	5	226184 - 5	411	324	0.788321168		11.79384	0.0667655	0.0607	0.001					524.6507257	2.852424542	628.6201313	35.49840713	16.53930576	FALSE				
GSWA_226184.1	S	21	226184 - 21	207	80.8	0.390338164		11.40511	0.06503825	0.0584	0.0014					541.8016691	2.963377333	544.8006657	52.38823669	0.550475948	FALSE				
GSWA_226184.1	S	70	226184 - 70	146.6	114.5	0.781036835		11.16071	0.09342115	0.0597	0.0016					553.171236	4.437237342	592.7186466	58.09660757	6.672206245	FALSE				
GSWA_226184.1	S	84	226184 - 84	324.5	112	0.345146379		11.04362	0.0670789	0.059	0.00115					558.7891925	3.251139756	567.0960442	42.43507331	1.464805087	FALSE				
GSWA_226184.1	S	20	226184 - 20	92.2	190.8	2.069414317		10.9529	0.08997455	0.0604	0.0019					563.22105	4.430323915	617.9346947	67.90286364	8.854276211	FALSE				
GSWA_226184.1	S	48	226184 - 48	233.1	215.4	0.924066924		10.94092	0.0778074	0.0606	0.0012					563.811561	3.839259588	625.0663114	42.69365612	9.799720335	FALSE				
GSWA_226184.1	S	1	226184 - 1	38.45	117.5	3.055916775		10.89325	0.1305291	0.0589	0.00245					566.173608	6.494826145	563.4017546	90.61519025	-0.491985225	FALSE				
GSWA_226184.1	S	44	226184 - 44	649.8	23.54	0.036226531		10.86957	0.0567108	0.0604	0.0009					567.3543288	2.83358751	617.9346947	32.16451436	8.185390189	FALSE				
GSWA_226184.1	S	53	226184 - 53	83.3	81.8	0.981992797		10.67236	0.0911194	0.0584	0.0016					577.3823178	4.715306382	544.8006657	59.8722705	-5.980472155	FALSE				
GSWA_226184.1	S	2	226184 - 2	442	92.1	0.208371041		10.37129	0.0527062	0.0607	0.00095					593.3946558	2.880961122	628.6201313	33.72348677	5.603618737	FALSE				
GSWA_226184.1	S	79	226184 - 79	271	115.3	0.425461255		10.21346	0.05737315	0.0612	0.0011					602.1491328	3.229344446	646.2706964	38.61576525	6.827102609	FALSE
GSWA_226184.1	S	94	226184 - 94	141.3	97.1	0.687190375		10.07049	0.08113185	0.0605	0.0014					610.3055251	4.691288462	621.5045106	49.92123748	1.801915396	FALSE
GSWA_226184.1	S	71	226184 - 71	985	243.4	0.247106599		10.01001	0.048597145	0.06135	0.0008					613.8228311	2.842540994	651.527748	27.99112135	5.787154421	FALSE
GSWA_226184.1	S	16	226184 - 16	630	115.6	0.183492063		9.29368	0.0561421	0.0637	0.0009					658.79462	3.783105746	731.6846371	29.93183199	9.961944459	FALSE
GSWA_226184.1	S	26	226184 - 26	873	595	0.681557847		7.122507	0.035511075	0.072	0.00095					846.9239657	3.956936183	985.9405279	26.85332204	14.09989328	FALSE
GSWA_226184.1	S	28	226184 - 28	84.5	16.9	0.2		6.863418	0.06123845	0.0728	0.0018					876.8142052	7.314600033	1008.390629	50.14884601	13.0481601	FALSE
GSWA_226184.1	S	8	226184 - 8	532.4	386.6	0.726145755		6.514658	0.046684845	0.0725	0.001					920.5530909	6.147425653	1000.009876	28.0114751	7.945600049	FALSE
GSWA_226184.1	S	7	226184 - 7	704	577	0.819602273		6.309148	0.03383455	0.0773	0.001					948.4355883	4.729782164	1128.939836	25.76897115	15.98882793	FALSE
GSWA_226184.1	S	3	226184 - 3	285	254	0.89122807		6.188119	0.034463535	0.0752	0.0012					965.6622779	4.994639097	1073.852045	32.04752389	10.07492304	FALSE
GSWA_226184.1	S	10	226184 - 10	323.8	224.6	0.693638048		6.031363	0.032739605	0.076	0.00105					988.9285976	4.976644907	1095.070561	27.65870037	9.692705429	FALSE
GSWA_226184.1	S	69	226184 - 69	203.7	43.9	0.215513009		5.945303	0.031811965	0.0743	0.00115					1002.186029	4.966420764	1049.627478	31.19744042	4.519836822	FALSE
GSWA_226184.1	S	11	226184 - 11	175.6	216.2	1.231207289		5.640158	0.03499252	0.0746	0.0013					1052.20744	6.023150866	1057.744597	35.08200001	0.52348716	FALSE
GSWA_226184.1	S	37	226184 - 37	375.4	113.2	0.301545019		5.675369	0.03059932	0.0755	0.0011					1046.181469	5.206676556	1081.843211	29.2252404	3.296387315	FALSE
GSWA_226184.1	S	75	226184 - 75	167.4	69.99	0.418100358		5.656109	0.033591145	0.0762	0.0013					1049.469006	5.751813788	1100.329908	34.12752311	4.622331989	FALSE
GSWA_226184.1	S	89	226184 - 89	235	109.2	0.464680851		5.431831	0.03245526	0.0766	0.00115					1089.334271	5.988560263	1110.795084	29.98547398	1.932022666	FALSE
GSWA_226184.1	S	59	226184 - 59	56.5	67.6	1.196460177		5.440696	0.042921705	0.0769	0.00195					1087.700983	7.896013997	1118.597593	50.58810042	2.76208447	FALSE
GSWA_226184.1	S	55	226184 - 55	51.3	106.9	2.083820663		5.025126	0.039140425	0.0781	0.0021					1169.945939	8.333561664	1149.418156	53.3993759	-1.785928222	FALSE
GSWA_226184.1	S	6	226184 - 6	175.9	131.7	0.748720864		4.930966	0.03039304	0.0806	0.00125					1190.344485	6.69938451	1211.708529	30.52140074	1.763133961	FALSE
GSWA_226184.1	S	52	226184 - 52	212.7	227.5	1.06958157		4.904365	0.027660715	0.0808	0.0013					1196.237118	6.157800661	1216.584188	31.64141403	1.672475299	FALSE
GSWA_226184.1	S	72	226184 - 72	109.8	72.5	0.660291439		4.92126	0.03148444	0.0818	0.00155					1192.487792	6.96504196	1240.73234	37.1359413	3.888392811	FALSE
GSWA_226184.1	S	23	226184 - 23	186.4	155.9	0.836373391		4.705882	0.026574395	0.0819	0.0013					1242.123171	6.379957306	1243.126333	31.09757512	0.080696653	FALSE
GSWA_226184.1	S	63	226184 - 63	83	94	1.13253012		4.585053	0.03468747	0.0824	0.00155					1271.827604	8.732109466	1255.040416	36.79015272	-1.337581499	FALSE
GSWA_226184.1	S	56	226184 - 56	968	54	0.055785124		4.852014	0.02471914	0.08249	0.001					1208.00644	5.612083976	1257.175127	23.70246205	3.911045171	FALSE
GSWA_226184.1	S	43	226184 - 43	196.8	129.7	0.659044715		4.36872	0.025765715	0.0844	0.0012					1328.731403	7.081665986	1301.788897	27.62388107	-2.069652433	FALSE
GSWA_226184.1	S	57	226184 - 57	323	219.4	0.679256966		4.301075	0.024049025	0.0854	0.00115					1347.588324	6.799464568	1324.636714	26.07898017	-1.732672056	FALSE
GSWA_226184.1	S	73	226184 - 73	120.8	55.6	0.460264901		4.208754	0.024799055	0.088	0.00145					1374.208089	7.292323864	1382.484178	31.6549105	0.59863894	FALSE
GSWA_226184.1	S	76	226184 - 76	294	124.3	0.422789116		4.061738	0.02227192	0.0908	0.00125					1418.84894	6.983357821	1442.411366	26.23108284	1.63354413	FALSE
GSWA_226184.1	S	93	226184 - 93	233	142.9	0.613304721		3.816794	0.021851875	0.0925	0.0013					1500.066129	7.662140635	1477.671497	26.65162786	-1.515535235	FALSE
GSWA_226184.1	S	17	226184 - 17	669	477	0.713004484		3.998401	0.01998401	0.0931	0.0011					1438.99133	6.445897596	1489.922436	22.36920681	3.418372999	FALSE
GSWA_226184.1	S	61	226184 - 61	201.4	193	0.958291956		3.838772	0.019893825	0.0949	0.00135					1492.399328	6.904130973	1526.089694	26.80276553	2.207626892	FALSE
GSWA_226184.1	S	47	226184 - 47	573	33.71	0.058830716		3.679176	0.01895087	0.0985	0.0012					1549.932068	7.096225593	1595.918832	22.74415638	2.881522765	FALSE
GSWA_226184.1	S	51	226184 - 51	516	70.2	0.136046512		3.563792	0.01778086	0.0987	0.0012					1594.383306	7.047462549	1599.704749	22.68688841	0.332651528	FALSE
GSWA_226184.1	S	30	226184 - 30	539	227.1	0.421335807		3.71471	0.017938795	0.0991	0.0012					1536.740017	6.602852152	1607.248063	22.57318112	4.386880128	FALSE
GSWA_226184.1	S	62	226184 - 62	212.7	105.7	0.496944053		3.421143	0.018726745	0.1004	0.00125					1653.012436	7.981319796	1631.505194	23.13655602	-1.318245385	FALSE
GSWA_226184.1	S	31	226184 - 31	222.7	117.5	0.527615626		3.232062	0.018280895	0.1094	0.00145					1737.753561	8.615568803	1789.445228	24.14483917	2.888697964	FALSE
GSWA_226184.1	S	40	226184 - 40	223.3	144	0.644872369		2.911208	0.01398397	0.1184	0.0015					1903.485334	7.917071015	1932.217249	22.68426339	1.486991992	FALSE
GSWA_226184.1	S	42	226184 - 42	405.3	35.41	0.087367382		2.618487	0.013027295	0.13	0.0016					2085.1527	8.863291125	2097.96283	21.61980164	0.610598499	FALSE
GSWA_226184.1	S	83	226184 - 83	123.5	82.1	0.664777328		2.312673	0.01203403	0.143	0.00185					2316.528077	10.12596675	2263.851805	22.31490561	-2.326842757	FALSE
GSWA_226184.1	S	74	226184 - 74	908	89.6	0.098678414		2.386065	0.01110195	0.144	0.0016					2256.392681	8.85808639	2275.864213	19.14074902	0.855566492	FALSE
GSWA_226184.1	S	85	226184 - 85	416	175.4	0.421634615		2.107038	0.010211095	0.1635	0.0019					2503.701473	10.05475723	2492.18071	19.57645712	-0.462276383	FALSE
GSWA_226184.1	S	36	226184 - 36	243	177	0.728395062		2.035002	0.0097319	0.1776	0.0021					2576.730261	10.15762139	2630.585458	19.65165861	2.047270388	FALSE
GSWA_226184.1	S	27	226184 - 27	209.8	78.8	0.375595806		2.069965	0.009640695	0.1792	0.0022					2540.753985	9.779803356	2645.480511	20.37465737	3.958695777	FALSE
GSWA_226184.1	S	38	226184 - 38	76.4	47.86	0.626439791		1.955799	0.01204922	0.1873	0.00245					2662.17694	13.43624833	2718.597231	21.55985163	2.075345679	FALSE
GSWA_226184.1	S	81	226184 - 81	23.31	21.48	0.921492921		1.904399	0.017952345	0.1966	0.00305					2720.77364	20.92305843	2798.176935	25.3839503	2.76620445	FALSE
GSWA_226184.1	S	54	226184 - 54	117.3	107.2	0.913895993		1.770852	0.01191648	0.2133	0.00255					2886.021386	15.65563178	2930.786302	19.33205504	1.527402968	FALSE
GSWA_226184.1	S	33	226184 - 33	139.3	99.3	0.712849964		1.63212	0.00812464	0.2561	0.003					3080.804654	12.19170822	3222.873543	18.4892059	4.408143462	FALSE
GSWA_226184.1	S	46	226184 - 46	25.85	23.45	0.907156673		1.593372	0.012567225	0.2608	0.004					3140.089825	19.60539503	3251.54495	24.15343946	3.427759021	FALSE
GSWA_226184.1	D	32	226184 - 32	114.8	37.57	0.327264808		5.288207	0.05732855	0.0722	0.00145					1116.49784	11.1135776	991.5835867	40.83787522	-12.59745067	FALSE
GSWA_226184.1	D	87	226184 - 87	142	59	0.415492958		5.561735	0.03711948	0.0723	0.0014					1065.881965	6.556787516	994.3974387	39.35822358	-7.188727877	FALSE
GSWA_226184.1	D	77	226184 - 77	22.95	12.76	0.555991285		5.913661	0.05945135	0.0757	0.00325					1007.150435	9.373794332	1087.147766	86.05103438	7.358459769	FALSE
GSWA_226184.1	D	15	226184 - 15	695	106.6	0.153381295		5.807201	0.03709594	0.0758	0.00095					1024.221262	6.049356141	1089.793221	25.11029158	6.01691747	FALSE
GSWA_226184.1	D	9	226184 - 9	360.8	375.8	1.041574279		5.714286	0.029387755	0.0779	0.00105					1039.601226	4.937678474	1144.324073	26.78826913	9.151502624	FALSE
GSWA_226184.1	D	12	226184 - 12	514.8	87.5	0.16996892		5.402485	0.02480882	0.079	0.00115					1094.776234	4.623620432	1172.134909	28.81343313	6.599809779	FALSE
GSWA_226184.1	D	92	226184 - 92	388.8	221.7	0.570216049		5.364807	0.027342095	0.0795	0.0011					1101.843726	5.161912655	1184.61166	27.33760746	6.986925481	FALSE
GSWA_226184.1	D	50	226184 - 50	233.2	45.4	0.194682676		5.512679	0.02887015	0.0803	0.0013					1074.618407	5.183759787	1204.365833	31.89468053	10.77309087	FALSE
GSWA_226184.1	D	18	226184 - 18	528	204.2	0.386742424		5.109862	0.027416225	0.0816	0.0011					1152.17914	5.660897462	1235.933087	26.43732348	6.776576194	FALSE
GSWA_226184.1	D	58	226184 - 58	406	188.2	0.463546798		5	0.06875	0.0908	0.0012					1175.320269	14.7730325	1442.411366	25.18183953	18.51698501	FALSE
GSWA_226184.1	D	19	226184 - 19	125.8	140.1	1.113672496		4.116921	0.027965905	0.093	0.00145					1401.755598	8.557873019	1487.887502	29.52644472	5.788872063	FALSE
GSWA_226184.1	D	80	226184 - 80	210.2	105.2	0.500475737		4.768717	0.05230355	0.094	0.00135					1227.219357	12.25655979	1508.11445	27.12419455	18.62558196	FALSE
GSWA_226184.1	D	67	226184 - 67	149.7	41.3	0.275885104		4.524887	0.02456952	0.0964	0.00155					1287.156746	6.335541494	1555.579993	30.17681624	17.25550906	FALSE
GSWA_226184.1	D	86	226184 - 86	395	42.37	0.107265823		3.789314	0.019384515	0.0983	0.0012					1509.764294	6.885559557	1592.123348	22.80170319	5.172906612	FALSE
GSWA_226184.1	D	68	226184 - 68	511.9	225	0.439538972		3.94011	0.02251048	0.0989	0.00125					1458.043233	7.455177624	1603.481144	23.5728097	9.070135409	FALSE
GSWA_226184.1	D	35	226184 - 35	476	169.5	0.356092437		3.793627	0.020867825	0.0999	0.0012					1508.233836	7.397356107	1622.221893	22.34902667	7.026662462	FALSE
GSWA_226184.1	D	14	226184 - 14	324.5	184.9	0.569799692		3.866976	0.023925605	0.1021	0.0013					1482.67522	8.195028205	1662.645079	23.5669894	10.82431009	FALSE
GSWA_226184.1	D	45	226184 - 45	73.6	44.4	0.60326087		4.295533	0.03967094	0.105	0.0033					1349.157063	11.24252749	1714.314672	57.79152496	21.30050071	FALSE
GSWA_226184.1	D	39	226184 - 39	300.5	150.4	0.500499168		3.567606	0.01909172	0.1087	0.00145					1592.873063	7.552621863	1777.743202	24.33546557	10.39914761	FALSE
GSWA_226184.1	D	22	226184 - 22	172.9	157.8	0.912666281		3.399048	0.019641	0.1111	0.0015					1662.483555	8.467706623	1817.486887	24.51069044	8.528442952	FALSE
GSWA_226184.1	D	96	226184 - 96	1421	59.55	0.041907108		3.225806	0.01560874	0.1189	0.00135					1740.70698	7.381391684	1939.759387	20.31187526	10.26170604	FALSE
GSWA_226184.1	D	13	226184 - 13	327.8	74.3	0.226662599		3.284072	0.017795465	0.1193	0.0015					1713.584808	8.153763583	1945.765491	22.47715471	11.93261389	FALSE
GSWA_226184.1	D	4	226184 - 4	1095	103.9	0.094885845		4.428698	0.024516705	0.1222	0.00145					1312.449254	6.573679987	1988.593774	21.10617885	34.00113835	FALSE
GSWA_226184.1	D	95	226184 - 95	215.1	108.4	0.50395165		3.04971	0.01674132	0.1245	0.00155					1828.19513	8.738269503	2021.697753	22.06026011	9.571293399	FALSE
GSWA_226184.1	D	29	226184 - 29	508	262.2	0.516141732		3.487967	0.01642398	0.136	0.0016					1625.017052	6.763548222	2176.872838	20.48525871	25.35085082	FALSE
GSWA_226184.1	D	34	226184 - 34	289.4	57.74	0.19951624		2.85144	0.016667955	0.1517	0.00185					1937.940206	9.783925805	2365.177441	20.81147727	18.06364407	FALSE
GSWA_226184.1	D	90	226184 - 90	183.3	65	0.354609929		2.345216	0.01347509	0.1599	0.002					2289.468216	11.07242803	2454.603326	21.1504318	6.727568088	FALSE
GSWA_226184.1	D	41	226184 - 41	120.92	27.6	0.228250083		2.251238	0.01444401	0.1648	0.0022					2369.415373	12.72142649	2505.513291	22.45880424	5.431937553	FALSE
GSWA_226184.1	D	24	226184 - 24	395.5	448.8	1.134766119		2.375297	0.013258785	0.1702	0.002					2265.01749	10.6608546	2559.610565	19.66411771	11.50929281	FALSE
GSWA_226184.1	D	91	226184 - 91	265.8	178.6	0.671933785		2.570694	0.046259275	0.1711	0.00215					2118.18903	32.48732924	2568.432301	21.00962579	17.52988664	FALSE
GSWA_226184.1	D	49	226184 - 49	826	776	0.939467312		2.233639	0.01097611	0.179	0.002					2385.018755	9.796301395	2643.627071	18.54638414	9.782329683	FALSE
GSWA_226184.1	D	97	226184 - 97	669	702	1.049327354		4.042037	0.02042258	0.1816	0.00205					1425.053307	6.459850964	2667.536767	18.69540885	46.57793194	FALSE
GSWA_226184.1	D	88	226184 - 88	725	152.4	0.210206897		2.142704	0.01147795	0.1881	0.00215					2469.073283	10.98795508	2725.619898	18.82711345	9.412413482	FALSE
GSWA_226184.1	D	25	226184 - 25	103.5	43.87	0.423864734		2.030457	0.011337575	0.1938	0.0025					2581.482948	11.87781224	2774.68102	21.15232309	6.962893056	FALSE
GSWA_226184.1	D	78	226184 - 78	1591	145.6	0.091514771		2.12766	0.00973291	0.1979	0.0022					2483.560592	9.428424944	2808.955446	18.17171611	11.5841942	FALSE
