Geochronid	Grp no	Spot no	Grain spot	238U(ppm)	232Th(ppm)	232Th_238U	f(%)	238U_206Pb	238U_206Pb_er	207Pb_206Pb	207Pb_206Pb_er	238U_206Pb*	238U_206Pb*_er	207Pb*_206*Pb	207Pb*_206*Pb_er	238U_206Pb*_age	238U_206Pb*_age_er	207Pb*_206Pb*_age	207Pb*_206Pb*_age_er	Disc(%)	Calibration Uncertainty included	calibration const	1 sigma external error	1 sigma internal error	ComPb_cor_meth
GSWA_133384.1	I	1	A.1-1	107.8765997	236.0642698	2.261078542	0.035347338	2.596649394	0.062342641	0.128111855	0.001751503	2.597567565	0.062409603	0.127800218	0.001927908	2099.484194	43.05204813	2067.933311	26.5892076	-1.525720503	TRUE	0.005338381	1.649715611	0.654619213	204
GSWA_133384.1	I	2	B.1-1	482.4310157	127.7410742	0.27359489	0.060951262	2.593262108	0.047356183	0.127805852	0.000771739	2.594843698	0.04738747	0.127268156	0.000791439	2101.364898	32.74843235	2060.576859	10.97012849	-1.979447614	TRUE	0.005338381	1.649715611	0.654619213	204
GSWA_133384.1	I	3	B.1-2	267.9301837	210.4800778	0.811712049	-0.102271183	2.616983272	0.051179503	0.128740566	0.001480822	2.614309587	0.051127531	0.129640348	0.001484071	2087.998771	34.88113958	2093.095004	20.11998898	0.243478339	TRUE	0.005338381	1.649715611	0.654619213	204
GSWA_133384.1	I	4	C.1-1	108.6224493	172.4423665	1.640351884	0.219654887	2.724463048	0.073036746	0.129332463	0.001667804	2.730460639	0.073241328	0.127395007	0.001873934	2011.677	46.35280657	2062.334081	25.94353548	2.456298497	TRUE	0.005338381	1.649715611	0.654619213	204
GSWA_133384.1	I	5	C.1-2	65.48105144	89.71537385	1.415675989	-0.408336492	2.517582535	0.066764369	0.128101719	0.002111791	2.507344133	0.066496678	0.131685912	0.002156655	2163.642322	48.74452349	2120.568315	28.69554546	-2.031248223	TRUE	0.005338381	1.649715611	0.654619213	204
GSWA_133384.1	I	6	C.1-3	103.5756882	155.4669588	1.550932563	0.234665356	2.69217394	0.063612833	0.134278714	0.001815043	2.6985064	0.063791675	0.132220181	0.001938815	2032.107189	41.20333636	2127.659884	25.67245396	4.490976001	TRUE	0.005338381	1.649715611	0.654619213	204
GSWA_133384.1	I	7	D.1-1	375.8225902	858.957961	2.361574588	0.39109153	2.67145878	0.048256904	0.130499963	0.000767751	2.68194765	0.048507117	0.127049004	0.001177175	2042.859625	31.66618621	2057.53604	16.350623	0.713300534	TRUE	0.005338381	1.649715611	0.654619213	204
GSWA_133384.1	I	8	D.1-2	194.9054855	328.6786299	1.742448877	0.075410533	2.620943366	0.053853883	0.130059579	0.00126749	2.622921325	0.053895656	0.129395932	0.001276078	2082.140146	36.56181982	2089.777641	17.33934522	0.365469304	TRUE	0.005338381	1.649715611	0.654619213	204
GSWA_133384.1	I	9	D.1-3	145.3197872	201.0826819	1.429758065	-0.234573453	2.599006212	0.053721907	0.127649385	0.001259511	2.592923901	0.053662085	0.129712993	0.001564407	2102.692473	37.13196748	2094.079548	21.19490828	-0.411298849	TRUE	0.005338381	1.649715611	0.654619213	204
GSWA_133384.1	I	10	D.1-4	177.5558759	290.7337162	1.691893374	0.141713991	2.739632356	0.056090922	0.128511827	0.001310897	2.743520308	0.056188635	0.127261656	0.001397811	2003.445917	35.2677954	2060.486749	19.37624145	2.768318332	TRUE	0.005338381	1.649715611	0.654619213	204
GSWA_133384.1	I	11	D.1-5	259.5468727	519.6813383	2.068873612	-0.078061726	2.575378883	0.050253697	0.127037122	0.001023724	2.573370065	0.050214679	0.127725404	0.00102693	2116.311343	35.20210681	2066.901129	14.17310318	-2.390545588	TRUE	0.005338381	1.649715611	0.654619213	204
GSWA_133384.1	I	12	F.1-1	443.8978464	941.4370165	2.191396035	0.070492387	2.599565124	0.047319227	0.127771322	0.000794929	2.601398912	0.047358472	0.127149374	0.000837662	2096.844566	32.58649907	2058.929495	11.62385678	-1.841494355	TRUE	0.005338381	1.649715611	0.654619213	204
GSWA_133384.1	I	13	F.1-2	408.0974985	1104.724713	2.797066396	0.032568166	2.566043289	0.046775505	0.128219784	0.000812396	2.566879274	0.046793234	0.127932693	0.000830035	2120.871489	32.94635787	2069.759237	11.4333932	-2.469478158	TRUE	0.005338381	1.649715611	0.654619213	204
GSWA_133384.1	I	14	F.1-3	375.3768237	780.31987	2.147918754	0.075119534	2.601584067	0.047882328	0.129888787	0.000868068	2.603539834	0.047925793	0.129227575	0.000917689	2095.37248	32.9301692	2087.488221	12.48902335	-0.377691163	TRUE	0.005338381	1.649715611	0.654619213	204
GSWA_133384.1	I	15	F.1-4	370.5003815	1045.405766	2.915471973	0.082641502	2.611066102	0.047975371	0.126919882	0.000856038	2.613225711	0.048023772	0.12618995	0.000914622	2088.738497	32.78705874	2045.555321	12.80783136	-2.111073495	TRUE	0.005338381	1.649715611	0.654619213	204
GSWA_133384.1	I	16	F.1-5	470.3606634	1306.765726	2.870644283	1.50152E-29	2.677220978	0.050388911	0.127735038	0.000923536	2.677220978	0.050388911	0.127735038	0.000923536	2045.949975	32.99508323	2067.034092	12.74496784	1.020017859	TRUE	0.005338381	1.649715611	0.654619213	204
GSWA_133384.1	I	17	F.1-6	391.6182264	1209.123408	3.190218079	0.056797182	2.628827416	0.050002368	0.12680154	0.000975364	2.630321365	0.050035005	0.126299941	0.001001628	2077.132274	33.77833714	2047.094762	14.01153174	-1.46732396	TRUE	0.005338381	1.649715611	0.654619213	204
GSWA_133384.1	I	18	F.1-7	499.846564	1101.686565	2.277372023	0.107573847	2.630191654	0.048814196	0.129484087	0.001020666	2.6330241	0.048872252	0.128536465	0.001056238	2075.309288	32.93498318	2078.052478	14.46729852	0.132007731	TRUE	0.005338381	1.649715611	0.654619213	204
GSWA_133384.1	I	19	G.1-1	82.40340516	86.74519558	1.087709474	-0.080036869	2.590160541	0.060664971	0.128175975	0.00178104	2.588089115	0.060616616	0.128880747	0.001782044	2106.043325	42.0791973	2082.760557	24.3304827	-1.117880214	TRUE	0.005338381	1.649715611	0.654619213	204
GSWA_133384.1	D	20	G.1-2	54.42635983	70.22404962	1.333181323	1.014743162	2.732255494	0.070550488	0.130979844	0.002231199	2.760265095	0.071536498	0.121974339	0.003163991	1992.991039	44.43003175	1985.305396	46.15787486	-0.387126468	TRUE	0.005338381	1.649715611	0.654619213	204
GSWA_133384.1	D	21	G.1-3	62.60186197	56.68543594	0.935614361	0.849424891	2.658438826	0.062636577	0.126381152	0.001835579	2.681213723	0.063538046	0.118815964	0.003043423	2043.338857	41.49823224	1938.49445	45.83006549	-5.408548186	TRUE	0.005338381	1.649715611	0.654619213	204
																									
																									
																									
																									
																									
																									
																									
																									
																									
																									
																									
																									
																									
																									
																									
																									
																									
																									
																									
																									
																									
																									
																									
																									
																									
																									
																									
																									
																									
																									
																									
																									
																									
																									
																									
																									
																									
																									
																									
																									
